Feature	Gain	Cover	Frequency
ctrx_quarter	0.135685609647207	0.0198343501979217	0.0141776115508394
mcuentas_saldo_rank	0.0494548758813934	0.014381477352032	0.0161781334261112
mprestamos_personales_rank	0.0421473142360055	0.012361315869904	0.0035081615493897
cpayroll_trx	0.0390615884684023	0.0118707883790676	0.0035081615493897
mpasivos_margen_rank	0.0255307452571761	0.0114212990768588	0.0189324751384419
mcuenta_corriente_rank_lag1	0.023510722805077	0.00796011808468912	0.00800208750108724
mpayroll_rank	0.0231763673629062	0.0252556761572967	0.0102925400829202
ctarjeta_master	0.0221643255726996	0.00130226197778584	0.000869792119683396
mrentabilidad_annual_rank	0.0121302260491035	0.00508535154669338	0.00939375489258067
mactivos_margen_rank	0.0103615050063612	0.0085089266765854	0.00991563016439071
Visa_msaldopesos_rank	0.00926781035719618	0.00800335085173499	0.00806007364239947
ctrx_quarter_delta1	0.00916435302807386	0.00609452108853109	0.00982865095242237
mrentabilidad_rank	0.00854118695182448	0.00318817058862167	0.00733524687599664
numero_de_cliente	0.00806506370117845	0.00860625102461786	0.0112203183439158
mrentabilidad_annual_rank_delta1	0.00803825335092726	0.006013736646329	0.00977066481111014
ctarjeta_visa_transacciones	0.00790186030480982	0.00955529710326686	0.0104664985068569
cliente_edad_lag1	0.00788877235769204	0.0111429284262191	0.0113362906265403
Master_Fvencimiento	0.00783079605445173	0.00447837593188766	0.00777014293583834
mrentabilidad_annual_rank_lag1	0.00761107438291383	0.00477849700787699	0.00991563016439071
mcuentas_saldo_rank_delta1	0.0075727137584392	0.0116634299510718	0.0126989649473776
cliente_edad	0.00750100459944012	0.0081652448588678	0.0121191035342553
chomebanking_transacciones	0.00728965470672241	0.00429056479496202	0.00803108057174335
Visa_mpagominimo_rank	0.00685915444072363	0.00562103972531738	0.0103215331535763
Master_fechaalta_lag1	0.00656774864820273	0.00800852857378604	0.0103505262242324
mcuenta_corriente_rank	0.00652742647788153	0.00617316941736704	0.00692934388681105
mcomisiones_mantenimiento_rank	0.00644602053234084	0.00808186228679047	0.0079151082891189
cliente_antiguedad	0.00633116770888373	0.007855271708615	0.0107854222840741
Visa_Fvencimiento_lag1	0.00624712301845198	0.00572253220376989	0.00837899741961671
ccomisiones_mantenimiento_delta1	0.00617973488936218	0.00336089061222695	0.00188454959264736
Master_mfinanciacion_limite_rank_delta1	0.00615226982708839	0.00542967790596071	0.00863993505552173
Master_Fvencimiento_lag1	0.0058874672192846	0.00444756770139665	0.00692934388681105
Visa_fechaalta	0.00583038634091085	0.0062210579989259	0.00895885883273898
mtarjeta_visa_consumo_rank	0.00571404827684594	0.00925355896949568	0.0101185816589835
mpasivos_margen_rank_lag1	0.005620525865382	0.00714621183495158	0.0103215331535763
Visa_mpagominimo_rank_lag1	0.00560634373135697	0.00541631935454948	0.00721927459337218
mpasivos_margen_rank_delta1	0.00533816251935684	0.00342873288826675	0.00710330231074773
mcaja_ahorro_rank_delta1	0.00528002766529638	0.00395149743842789	0.00803108057174335
mcuenta_corriente_rank_delta1	0.00527813574670558	0.00452049215903654	0.00692934388681105
mrentabilidad_rank_lag1	0.00521927277734743	0.00468903977429113	0.00669739932156215
Master_mlimitecompra_rank_delta1	0.00511129961889374	0.00407615776324871	0.00768316372387
mcuentas_saldo_rank_lag1	0.00510209336106125	0.00429404275257218	0.00814705285436781
mtransferencias_recibidas_rank	0.00508883401587808	0.00508744202879937	0.0079151082891189
Visa_fechaalta_lag1	0.00508864712374562	0.00539632430673902	0.00777014293583834
mcaja_ahorro_rank	0.00508592249325277	0.0052263721042577	0.0127279580180337
Master_mlimitecompra_rank_lag1	0.00495974749604823	0.00506551906024724	0.0065814270389377
Master_fechaalta	0.0049521730006461	0.00504338504711689	0.00869792119683396
Visa_mfinanciacion_limite_rank_delta1	0.00491099120515252	0.0051458300781252	0.00736423994665275
mcaja_ahorro_rank_lag1	0.00488614273942089	0.00477785817023478	0.0104664985068569
Visa_status	0.00485966004690734	0.00352650356706263	0.00150763967411789
mactivos_margen_rank_delta1	0.00485572363492982	0.00439529281495511	0.00745121915862109
ctrx_quarter_lag1	0.00478185862195827	0.00983067605441244	0.0118001797570381
cliente_antiguedad_lag1	0.00473099596220874	0.0075204238176686	0.00782812907715056
mprestamos_personales_rank_lag1	0.00471624739281613	0.00286929506470742	0.00208750108724015
cpayroll_trx_lag1	0.00465180426005174	0.00370697947891787	0.00200052187527181
Visa_mlimitecompra_rank_delta1	0.00453884120658936	0.00484351299774076	0.00742222608796498
Visa_mpagospesos_rank_lag1	0.00452020511742214	0.00709389987311116	0.00716128845205996
Visa_mpagominimo_rank_delta1	0.00451060376244933	0.00498796302970132	0.00730625380534052
mcomisiones_mantenimiento_rank_delta1	0.0044950616582783	0.00832408014559315	0.00710330231074773
Master_mlimitecompra_rank	0.00441394693361388	0.00355652608429278	0.00643646168565713
tcallcenter	0.00440562629779916	0.00120145967214322	0.000956771331651735
Visa_mlimitecompra_rank_lag1	0.00429471464400362	0.0041333194724578	0.00533472500072483
mrentabilidad_rank_delta1	0.00426619835449791	0.00349261807846473	0.00666840625090603
Visa_Fvencimiento	0.00425845592572576	0.00406730815073184	0.00579861413122264
Master_mfinanciacion_limite_rank	0.00424278282058281	0.00355561203311275	0.00634948247368879
chomebanking_transacciones_delta1	0.0041689741959761	0.00490004870309955	0.00605955176712766
chomebanking_transacciones_lag1	0.00408997837793876	0.00363285434874508	0.00568264184859819
cproductos_delta1	0.00404646683577847	0.00666862080636991	0.00139166739149343
Visa_mconsumospesos_rank_lag1	0.00400897270851489	0.00301201110878198	0.00576962106056653
Master_mfinanciacion_limite_rank_lag1	0.00400064535770888	0.00295440306880948	0.00533472500072483
mactivos_margen_rank_lag1	0.00399750264375024	0.00475476447466423	0.00632048940303268
mcomisiones_rank	0.00396194509513119	0.00424472534217962	0.00675538546287437
Visa_mpagospesos_rank_delta1	0.00394242800387408	0.00255408572735149	0.00629149633237656
Visa_mlimitecompra_rank	0.0038401865480143	0.00236600222884179	0.0050447942941637
Visa_mfinanciacion_limite_rank_lag1	0.0038127976988233	0.00349658942407535	0.00539271114203705
Visa_cconsumos_lag1	0.00380492555080076	0.00307601037713036	0.00576962106056653
mcomisiones_mantenimiento_rank_lag1	0.00377850145073605	0.00460530926385509	0.00536371807138094
mcomisiones_rank_lag1	0.00366397764089943	0.00355026461981299	0.00626250326172045
Visa_mfinanciacion_limite_rank	0.00362745487696495	0.00269977350724384	0.0050447942941637
mtransferencias_recibidas_rank_lag1	0.00354602432529557	0.0037992815363792	0.00623351019106434
Visa_mconsumospesos_rank	0.00352332448103037	0.00334359921658085	0.00640746861500102
mcomisiones_otras_rank	0.0035029170105365	0.00438273281059664	0.0068133716041866
mcaja_ahorro_dolares_rank_delta1	0.00346970855469869	0.00448123216357817	0.00394305760923139
mcomisiones_rank_delta1	0.00344525246553671	0.00273560830623661	0.00513177350613204
mcomisiones_otras_rank_delta1	0.00341201510040542	0.00377756105654403	0.00539271114203705
ccomisiones_otras	0.00325716531997479	0.00828266122113855	0.00559566263662985
mcuenta_debitos_automaticos_rank	0.00320538349922379	0.00539792710475207	0.0041750021744803
Visa_mconsumospesos_rank_delta1	0.00320529608192789	0.00291730913223172	0.00559566263662985
Master_msaldototal_rank_lag1	0.00316492236592386	0.00223824183028399	0.001536632744774
cproductos	0.00313092505044377	0.0054326068624721	0.00556666956597373
mpayroll_rank_delta1	0.00311728056629142	0.00759857733252721	0.0074802122292772
ccomisiones_otras_lag1	0.00306176449693544	0.00620186149816821	0.00591458641384709
Visa_mpagospesos_rank	0.00301121301204871	0.00387912625981742	0.00510278043547592
cdescubierto_preacordado	0.00299609205619932	0.00193703843784278	0.000579861413122264
cdescubierto_preacordado_delta1	0.00299182837531898	0.00500134011881199	0.000521875271810037
mautoservicio_rank	0.00299033606132498	0.0064088434682677	0.00808906671305558
mcomisiones_otras_rank_lag1	0.00282728818135931	0.00283641631578676	0.00449392595169754
mtransferencias_recibidas_rank_delta1	0.0028240391578124	0.00370961753614575	0.0057116349192543
mcaja_ahorro_dolares_rank_lag1	0.00278332234828602	0.00229188280257652	0.00510278043547592
Visa_msaldototal_rank_lag1	0.0026069197923984	0.00246262214429556	0.00426198138644864
mprestamos_personales_rank_delta1	0.00255016148672602	0.00764255588548129	0.00202951494592792
ccaja_seguridad	0.00251444436420143	0.00298655599549826	0.000463889130497811
Visa_cconsumos	0.00248408535152108	0.00257915012297011	0.00487083587022702
Master_mpagominimo_rank_lag1	0.00244852621684609	0.00165264018293162	0.001536632744774
mcaja_ahorro_dolares_rank	0.00242613520817719	0.00378515438342969	0.00440694673972921
Visa_cconsumos_delta1	0.0023927665108578	0.00563836249245484	0.00472587051694645
Visa_msaldopesos_rank_delta1	0.00237280811776126	0.00264363992736519	0.00385607839726305
thomebanking	0.00236096738577084	0.00144150434218088	0.0011017366849323
mtransferencias_emitidas_rank_lag1	0.00235787425918815	0.00677642893642365	0.00565364877794207
mtransferencias_emitidas_rank	0.00233806544605897	0.00907642412147012	0.00843698356092894
Visa_msaldopesos_rank_lag1	0.00231795579945704	0.00330870556232884	0.00449392595169754
ctransferencias_recibidas	0.00231051331513975	0.0037509195304962	0.00388507146791917
Visa_msaldototal_rank	0.00228231122779402	0.0046272906974593	0.00745121915862109
ccomisiones_mantenimiento	0.00222813044059413	0.00588307866275117	0.00246441100576962
internet_lag1	0.00218973458964314	0.00307852722632344	0.00104375054362007
mttarjeta_visa_debitos_automaticos_rank	0.00217549208696671	0.0014846201791226	0.00423298831579253
Visa_mconsumototal_rank_delta1	0.00214787086229261	0.00172018442980351	0.00321823084282856
mtransferencias_emitidas_rank_delta1	0.00214695978603094	0.00386285443764048	0.00405902989185585
ctarjeta_debito_transacciones_lag1	0.00204793371096929	0.00309904132971819	0.0057116349192543
Master_fultimo_cierre_lag1	0.00204743786380832	0.00180996678611799	0.00292830013626743
cproductos_lag1	0.0020473479994593	0.00494820822026561	0.00466788437563422
Visa_msaldototal_rank_delta1	0.00204510945387477	0.00320072203711886	0.00452291902235366
ctarjeta_debito_transacciones_delta1	0.00202995129555794	0.00437966125639726	0.00420399524513641
mpayroll_rank_lag1	0.00201375344676397	0.00696924097426722	0.00765417065321388
mcuenta_debitos_automaticos_rank_delta1	0.00195360454619005	0.00506230633433675	0.00324722391348468
mautoservicio_rank_lag1	0.00193268056412362	0.00234802921624709	0.00492882201153924
mautoservicio_rank_delta1	0.00190368305548875	0.00350323162438208	0.0037401061146386
mtarjeta_visa_consumo_rank_delta1	0.0019018060402635	0.00275741719663834	0.00391406453857528
mcuenta_debitos_automaticos_rank_lag1	0.00188496303299678	0.00264645908365682	0.00275434171233075
mttarjeta_visa_debitos_automaticos_rank_delta1	0.00186391978721311	0.00216763173312024	0.00284132092429909
Master_fultimo_cierre	0.00174034230615316	0.00157601246333453	0.00255139021773796
mttarjeta_visa_debitos_automaticos_rank_lag1	0.00162842141245561	0.00150218964026029	0.00301527934823577
ctarjeta_visa_transacciones_lag1	0.00157228175343346	0.00211268171405193	0.00339218926676524
cmobile_app_trx_lag1	0.00155878223399232	0.00138356547557223	0.00162361195674234
Visa_fultimo_cierre	0.00154926361361663	0.0012666952624465	0.00234843872314517
ctransferencias_recibidas_delta1	0.00153971598285731	0.00389034156797811	0.00223246644052072
mpagomiscuentas_rank	0.0015173435711807	0.00490298336351846	0.0033052100547969
ctarjeta_master_transacciones	0.00151447349239761	0.00232363930769267	0.00127569510886898
ccomisiones_mantenimiento_lag1	0.001514301504656	0.00330529462563203	0.00144965353280566
Master_mpagominimo_rank	0.00146174628610307	0.00125272068902313	0.00182656345133513
ctransferencias_recibidas_lag1	0.00144103818563033	0.00123228501435678	0.00269635557101853
ccallcenter_transacciones	0.00141436326735625	0.00123479473366546	0.000840799049027283
cmobile_app_trx	0.00140334015931724	0.000485152983975976	0.0011017366849323
ccallcenter_transacciones_delta1	0.00139447909272284	0.00302493473724484	0.00130468817952509
mtarjeta_visa_consumo_rank_lag1	0.00139272524633175	0.00172088601042844	0.00376909918529471
cprestamos_personales	0.00138050371967407	0.00252838249409066	0.000840799049027283
Master_status	0.00137827551938701	0.00433223754330125	0.000927778260995622
foto_mes	0.00136886940705371	0.000760865613711459	0.0019715288046157
mpagomiscuentas_rank_lag1	0.00136294509564609	0.00453303932960309	0.00295729320692355
Visa_status_delta1	0.00134202267799133	0.000593152194931633	0.000376909918529472
Visa_fultimo_cierre_lag1	0.00134123153617268	0.00135674285046065	0.00171059116871068
ctarjeta_debito_transacciones	0.00131957827474213	0.00377176160857333	0.0048418427995709
ctarjeta_debito_lag1	0.00129897019171784	0.0012572495915938	0.00156562581543011
internet	0.0012779951056615	0.00282431405000674	0.000898785190339509
Master_msaldototal_rank	0.00127253225599581	0.00387066451301188	0.00191354266330347
ctarjeta_debito	0.00125412673620519	0.0020128604805027	0.001536632744774
ctarjeta_visa_transacciones_delta1	0.00122629006485856	0.00565930153695981	0.00281232785364298
cpagomiscuentas_lag1	0.00121819485059825	0.00358554471379947	0.00292830013626743
Visa_mconsumosdolares_rank_lag1	0.0011987866311753	0.000886595421192231	0.00147864660346177
Master_msaldopesos_rank_lag1	0.00119236549139646	0.00244361957639355	0.00156562581543011
Visa_mconsumototal_rank_lag1	0.0011908430532685	0.00137313302871862	0.00194253573395958
ccajas_consultas	0.0011892594609642	0.00407714311327275	0.00063784755443449
Master_msaldopesos_rank_delta1	0.00118459557637474	0.00160233314458438	0.00165260502739845
cprestamos_personales_lag1	0.00116691981551939	0.00128546967404772	0.000666840625090603
ctransferencias_emitidas_lag1	0.00115643952991731	0.00171461456411048	0.00252239714708185
ctarjeta_visa	0.00114295280335457	0.000687027104891531	0.000550868342466151
thomebanking_lag1	0.00113976683040845	0.000556932382181277	0.000985764402307848
Visa_mconsumototal_rank	0.00111792089907347	0.00109373995265603	0.00234843872314517
ctarjeta_visa_debitos_automaticos	0.00110308595366481	0.00174515328497118	0.0017685773100229
Visa_mpagado_rank_delta1	0.00109650049799318	0.00225161464146402	0.00139166739149343
mpagomiscuentas_rank_delta1	0.00108621286773104	0.00167711850205258	0.00205850801658404
ccajas_transacciones	0.00107294859864429	0.000775330723181522	0.000521875271810037
ctransferencias_emitidas	0.00105727656129526	0.0013323415340912	0.00217448029920849
Master_msaldototal_rank_delta1	0.0010434419005486	0.00239349363711006	0.00182656345133513
Master_msaldopesos_rank	0.00103207523472307	0.00137145465393094	0.00165260502739845
Visa_mconsumosdolares_rank	0.0010110504245701	0.0038984368387255	0.0017685773100229
ccaja_ahorro	0.000982397233799865	0.00140678893503886	0.00118871589690064
matm_rank_delta1	0.000974897468962928	0.00240763219787462	0.0022034733698646
Master_mconsumospesos_rank_lag1	0.000967230001221297	0.0016850911387883	0.00173958423936679
mtarjeta_master_consumo_rank	0.000959441264107703	0.00287580464916433	0.00139166739149343
mextraccion_autoservicio_rank_lag1	0.000939276829215223	0.0011379466619109	0.00310225856020411
cpagomiscuentas	0.000937321408394611	0.00239581797942436	0.00275434171233075
Master_mpagospesos_rank_lag1	0.000927657662523273	0.00130227053364712	0.0017685773100229
mextraccion_autoservicio_rank_delta1	0.000925419621628617	0.00144389142747789	0.0019715288046157
Master_mpagospesos_rank	0.000924492249941544	0.00322735928523605	0.00208750108724015
Master_mpagospesos_rank_delta1	0.000912788597370942	0.00194504957595426	0.0017685773100229
ccomisiones_otras_delta1	0.000909452387198519	0.00113738197506645	0.00194253573395958
Master_mconsumospesos_rank_delta1	0.000881577971549703	0.000890800627011161	0.00136267432083732
matm_rank_lag1	0.000880170519341296	0.000584811656160891	0.00165260502739845
ccajas_consultas_delta1	0.000865343551862258	0.00329275743690364	0.000869792119683396
thomebanking_delta1	0.000848846069991292	0.00124663889763021	0.000840799049027283
ctarjeta_visa_debitos_automaticos_lag1	0.000825382674714736	0.00146208118855835	0.00162361195674234
Master_cconsumos_lag1	0.000804785534454639	0.000628351008235955	0.00113072975558841
Master_mpagominimo_rank_delta1	0.000779576041155763	0.00100392765082706	0.00130468817952509
cextraccion_autoservicio_lag1	0.000765589723562818	0.00167949703148832	0.00136267432083732
Visa_mpagado_rank	0.000764458903113032	0.00118661953075373	0.00113072975558841
ctransferencias_emitidas_delta1	0.000738148342457202	0.00141849620522312	0.00142066046214955
Visa_mconsumosdolares_rank_delta1	0.000699171693481902	0.00144938143846564	0.00118871589690064
active_quarter_lag1	0.000695710088793831	3.06670587798878e-05	0.000144965353280566
matm_rank	0.000688791628817748	0.00120480216194979	0.00162361195674234
Visa_msaldodolares_rank_lag1	0.000672977211563057	0.00397057700908143	0.00124670203821287
cextraccion_autoservicio	0.000659234361156754	0.00208534003335605	0.00133368125018121
ccuenta_debitos_automaticos_delta1	0.000642317758656677	0.00419965591691239	0.00101475747296396
mextraccion_autoservicio_rank	0.000640703787754799	0.00125856291630023	0.00147864660346177
catm_trx_lag1	0.000640440594780489	0.0010850357897809	0.0011017366849323
ccuenta_debitos_automaticos_lag1	0.000624575047656271	0.00120953355323741	0.00130468817952509
mplazo_fijo_dolares_rank	0.000622878447913826	0.00248322751021063	0.000521875271810037
mtarjeta_master_consumo_rank_delta1	0.000595227336198513	0.00285202220676077	0.00113072975558841
matm_other_rank_delta1	0.000584193097104532	0.00254244975601122	0.00127569510886898
Visa_mpagado_rank_lag1	0.000571927760650464	0.0017692152188432	0.000840799049027283
Master_fultimo_cierre_delta1	0.000571769065858892	0.000389441415794721	0.0011017366849323
Visa_status_lag1	0.000564988539301826	0.00176115131958717	0.000260937635905019
minversion2_rank	0.000563423654843046	0.0043389923957815	0.000434896059841698
Visa_fultimo_cierre_delta1	0.00055077468599395	0.000229412586420865	0.000956771331651735
cpagomiscuentas_delta1	0.000544399682046708	0.00156253270388851	0.000956771331651735
ccuenta_debitos_automaticos	0.00054032970443904	0.0012550821067363	0.00118871589690064
Master_mconsumospesos_rank	0.000530614116663562	0.00119406170409011	0.000956771331651735
mplazo_fijo_dolares_rank_delta1	0.000525964795725683	0.00361106257006591	0.00072482676640283
cplazo_fijo	0.000502773906440681	0.00501147881442834	0.000405902989185585
ccaja_ahorro_lag1	0.000497034417691352	0.00117219862656695	0.000666840625090603
catm_trx	0.000496601895891661	0.000445863043003119	0.000695833695746717
mplazo_fijo_dolares_rank_lag1	0.000493534461812841	0.00109580048924753	0.000405902989185585
ctarjeta_visa_debitos_automaticos_delta1	0.000487074501917243	0.000747612584589341	0.000782812907715056
tcallcenter_lag1	0.00048483036171766	0.00104335876351103	0.000376909918529472
Master_status_delta1	0.000476047614239826	0.00156782450408995	0.000550868342466151
Master_mconsumototal_rank	0.000459309064084386	0.000340269455043913	0.000666840625090603
Master_mconsumototal_rank_delta1	0.000455494393492714	0.00101914710206661	0.00107274361427619
Visa_Finiciomora_lag1	0.000436180141120641	0.00359159370772415	0.000405902989185585
ccaja_ahorro_delta1	0.000429874688548468	0.00324209818226706	0.000202951494592792
Master_msaldodolares_rank_lag1	0.000415173628607495	3.15083851390496e-05	0.000115972282624453
matm_other_rank_lag1	0.000413244800852181	0.00144224727613533	0.000898785190339509
Master_cconsumos	0.00040131524281746	0.00060950957572137	0.000782812907715056
Visa_mpagosdolares_rank_lag1	0.000394772421265769	0.00216786416735167	0.000695833695746717
ccaja_seguridad_lag1	0.000381811835192792	0.000437160306104874	0.000115972282624453
ctarjeta_master_delta1	0.000361387993125497	0.000375026215515455	0.000115972282624453
mprestamos_prendarios_rank_lag1	0.000359140436299854	0.00108404901377999	0.000173958423936679
ccajas_depositos_delta1	0.00035711702286138	0.00350588394137876	0.000405902989185585
Master_cconsumos_delta1	0.000353374925940274	0.00104839246189721	0.00063784755443449
tcuentas_lag1	0.000352046476552196	0.000982716244738028	0.000289930706561132
cextraccion_autoservicio_delta1	0.000325826709773484	0.000947846832092971	0.000927778260995622
mprestamos_prendarios_rank	0.000317301276069771	0.00284242680833568	0.000260937635905019
Visa_msaldodolares_rank	0.000313336257941688	0.00338834922302698	0.00072482676640283
matm_other_rank	0.00031092782459749	0.000996203134068455	0.000492882201153924
mtarjeta_master_consumo_rank_lag1	0.000306147252752622	0.0018332344508679	0.000695833695746717
Master_mconsumototal_rank_lag1	0.000298264335432544	0.000603446322027885	0.000753819837058943
Visa_mpagosdolares_rank	0.000295808242671137	0.00167581801113808	0.000492882201153924
Master_Fvencimiento_delta1	0.000295169180642628	0.000132652925232858	0.000376909918529472
cseguro_vivienda_lag1	0.000286495857363401	0.00306006938158956	0.000434896059841698
ctarjeta_master_transacciones_delta1	0.000269964908445028	0.000824342974521777	0.000550868342466151
minversion1_pesos_rank	0.000261024110909105	0.00328158776000311	0.000173958423936679
ccajas_extracciones	0.000248354107930471	0.00175754930198845	0.000347916847873358
mttarjeta_master_debitos_automaticos_rank_lag1	0.000245089300679987	0.00172996092729235	0.000434896059841698
ccajas_transacciones_delta1	0.000242857351462657	0.000858552159871424	0.000347916847873358
cprestamos_personales_delta1	0.000230598769160461	0.000876304146049738	0.000231944565248906
Visa_msaldodolares_rank_delta1	0.000225284911119836	0.00122412272269603	0.000579861413122264
cpayroll_trx_delta1	0.000221310538574348	0.000974764997655509	0.000927778260995622
mttarjeta_master_debitos_automaticos_rank_delta1	0.000220664280354816	0.00293518517839859	0.000550868342466151
cdescubierto_preacordado_lag1	0.000214133242147442	0.000490466173830614	0.000289930706561132
cliente_edad_delta1	0.000210221096460593	0.00110212184475629	0.000318923777217245
mttarjeta_master_debitos_automaticos_rank	0.000207891892875893	0.00254749771416619	0.000463889130497811
cseguro_accidentes_personales_lag1	0.000206547427958319	0.000954638759972102	0.000289930706561132
ctarjeta_visa_descuentos_delta1	0.000197127583367334	0.0014718847796079	0.000289930706561132
catm_trx_delta1	0.000194225159736657	0.000757772669858879	0.000550868342466151
Master_Finiciomora_lag1	0.000187671061206817	0.00130012301246594	0.000115972282624453
mcaja_ahorro_adicional_rank	0.000184629012937743	0.00201504507708276	0.000347916847873358
Visa_Finiciomora	0.000182293647701205	0.00197571378278039	0.000376909918529472
mprestamos_hipotecarios_rank	0.000178327818456526	0.00341902483766815	0.000202951494592792
ctarjeta_master_transacciones_lag1	0.000177791024835127	5.70276673823711e-05	0.000347916847873358
mtarjeta_visa_descuentos_rank_delta1	0.0001766603532163	0.00208924721000707	0.000550868342466151
mcheques_emitidos_rank	0.000174742179885739	0.00206204527504543	0.000202951494592792
mcheques_depositados_rank_lag1	0.000173314970926583	0.00185090943429469	0.000347916847873358
catm_trx_other_delta1	0.000172152302220429	0.000336700234913435	0.000347916847873358
Master_Finiciomora	0.000171185787926574	0.00202562297357812	0.000173958423936679
Master_msaldodolares_rank_delta1	0.000160839202817455	0.000828348543577516	0.000115972282624453
ctarjeta_debito_delta1	0.000160784293726939	0.00372138469735898	0.000231944565248906
tcallcenter_delta1	0.000159646800779062	0.000467356792514384	0.000289930706561132
cseguro_auto	0.000158546405321118	0.00144002988208703	0.000173958423936679
Master_mpagado_rank	0.000158354809889767	0.000655927975117023	0.000289930706561132
Visa_delinquency_delta1	0.000152563203404635	0.000553542835137671	0.000115972282624453
mtarjeta_visa_descuentos_rank	0.000151871894586823	0.0017790729970142	0.000289930706561132
mcaja_ahorro_adicional_rank_lag1	0.000150699145605982	0.0014061743390036	0.000260937635905019
Master_mpagado_rank_lag1	0.000148714926491344	0.00105374985703512	0.000347916847873358
ccajas_consultas_lag1	0.000146388955664046	0.00131530538830661	0.000434896059841698
internet_delta1	0.000139778744252236	0.0011832527993402	0.000202951494592792
ccallcenter_transacciones_lag1	0.000136410659603717	0.000396172026668015	0.000231944565248906
Visa_delinquency	0.000131583979300177	0.000525997239747961	0.000231944565248906
cmobile_app_trx_delta1	0.000131308490824774	0.00070201982580717	0.000260937635905019
ccajas_otras_delta1	0.000126868647379632	0.000697719079537286	0.000115972282624453
cseguro_auto_lag1	0.000125347932499983	0.000760333724335243	0.000115972282624453
mprestamos_hipotecarios_rank_lag1	0.000124332226710196	0.00150996834414033	8.69792119683396e-05
Master_delinquency_lag1	0.000124253139753159	0.000174101795201936	0.000202951494592792
minversion1_pesos_rank_lag1	0.000123156971098543	0.00157515830318345	0.000115972282624453
minversion2_rank_lag1	0.000121570366223747	0.000447773852022232	8.69792119683396e-05
ctarjeta_master_debitos_automaticos_lag1	0.000117706706300269	0.000513109260707106	0.000173958423936679
Master_fechaalta_delta1	0.000115948968766816	8.09284658669661e-05	0.000260937635905019
catm_trx_other	0.000114714019725508	0.000244177151035715	0.000231944565248906
Visa_Fvencimiento_delta1	0.00011083520714346	0.00107023129781342	0.000231944565248906
Master_mpagado_rank_delta1	0.000110794519689811	0.000414601351864298	0.000144965353280566
active_quarter	0.000107853146217823	0.000113767287434995	0.000144965353280566
Master_mconsumosdolares_rank_delta1	0.000106992813133814	0.00172273835439547	0.000289930706561132
Visa_mpagosdolares_rank_delta1	0.000106674891436796	0.00117960800243509	0.000434896059841698
mforex_sell_rank_delta1	0.000104231760435097	0.0014841581626135	0.000260937635905019
cseguro_accidentes_personales	0.000103706347282877	0.000610432182762688	0.000173958423936679
mtarjeta_visa_descuentos_rank_lag1	0.000101269812613679	0.00134246596993874	0.000434896059841698
ctarjeta_visa_descuentos	9.57152953561527e-05	0.00118086999197383	0.000289930706561132
cprestamos_prendarios	9.51241946186335e-05	0.000419545213707034	5.79861413122264e-05
cinversion2	8.67750930708688e-05	0.00107049795548996	8.69792119683396e-05
Master_mconsumosdolares_rank_lag1	8.43626625021115e-05	0.00112307372305318	0.000144965353280566
ctarjeta_master_lag1	8.41735774039051e-05	7.9697847819582e-06	2.89930706561132e-05
Visa_fechaalta_delta1	8.36932960535753e-05	5.10956035618404e-05	0.000173958423936679
catm_trx_other_lag1	8.16259235857727e-05	0.00106986624773215	0.000289930706561132
ccheques_emitidos	8.09422697154027e-05	0.00164949020000384	0.000115972282624453
Master_mconsumosdolares_rank	7.66437418610463e-05	0.000378539822547615	0.000260937635905019
ctarjeta_master_debitos_automaticos_delta1	7.41021026433332e-05	0.000483446089650693	0.000173958423936679
mcajeros_propios_descuentos_rank_delta1	7.31215337727191e-05	0.000410571541201601	0.000144965353280566
ctarjeta_master_debitos_automaticos	6.96283120144394e-05	0.000887914449806172	0.000115972282624453
mforex_sell_rank	6.62244931640388e-05	7.96137151836658e-05	2.89930706561132e-05
mcaja_ahorro_adicional_rank_delta1	6.54482089904634e-05	0.000473211853583398	8.69792119683396e-05
ccajeros_propios_descuentos_lag1	6.4202048559712e-05	0.000416368137218538	8.69792119683396e-05
active_quarter_delta1	6.35666699636697e-05	0.000940729781485214	0.000115972282624453
ccajas_extracciones_lag1	6.18083500318347e-05	0.00183182273375676	0.000115972282624453
cseguro_vivienda	6.16425348979436e-05	8.78159341970534e-05	8.69792119683396e-05
cprestamos_prendarios_lag1	6.12502727747418e-05	0.00123333025540977	8.69792119683396e-05
cforex_delta1	5.76754253554984e-05	0.00010925264463312	2.89930706561132e-05
mcheques_depositados_rank_delta1	5.67458505822694e-05	0.000633985042888579	0.000173958423936679
tcuentas	5.61992642517838e-05	0.000923146060578732	8.69792119683396e-05
ccheques_depositados_lag1	5.4049488820377e-05	0.000443108055671084	5.79861413122264e-05
ccajas_depositos_lag1	5.22624393575459e-05	0.000596680061732593	8.69792119683396e-05
ccajas_depositos	5.1604088319821e-05	0.000513291785747738	5.79861413122264e-05
cseguro_vida_lag1	5.08507176402973e-05	9.56588070366974e-05	0.000115972282624453
cseguro_vida	5.02380897484756e-05	0.000396268993095851	8.69792119683396e-05
mcheques_depositados_rank	4.99074788326215e-05	0.000306241368758018	0.000115972282624453
ccajas_transacciones_lag1	4.91469011598688e-05	0.000440837900478227	0.000376909918529472
mforex_buy_rank	4.62088912240531e-05	0.000342211635554385	5.79861413122264e-05
minversion2_rank_delta1	4.59576498312431e-05	0.000998481845122592	8.69792119683396e-05
ccajas_otras_lag1	4.47218581403466e-05	0.000223951094970713	2.89930706561132e-05
mcajeros_propios_descuentos_rank_lag1	4.46859642192357e-05	0.000247024826864946	0.000115972282624453
ctarjeta_master_descuentos_delta1	3.70647389084688e-05	0.000340685840292854	0.000115972282624453
ccajas_otras	3.18053845397897e-05	0.000520855167118915	5.79861413122264e-05
mcajeros_propios_descuentos_rank	3.06396002507617e-05	5.01516068673233e-06	2.89930706561132e-05
Master_msaldodolares_rank	2.99132954627509e-05	0.000532141774123602	5.79861413122264e-05
ctarjeta_visa_descuentos_lag1	2.9769253350448e-05	0.00121973213988271	0.000202951494592792
ccajeros_propios_descuentos	2.96907274085564e-05	0.000117583201565702	5.79861413122264e-05
Master_status_lag1	2.89812916839096e-05	0.00032755116725177	5.79861413122264e-05
cforex_buy_delta1	2.70715701021986e-05	0.000735332071699338	5.79861413122264e-05
mtarjeta_master_descuentos_rank	2.51605281379496e-05	0.000235946412484729	8.69792119683396e-05
ctarjeta_master_descuentos	2.34879411702435e-05	5.38249233100365e-05	2.89930706561132e-05
ccajas_extracciones_delta1	2.23651576160119e-05	0.000683946994830871	5.79861413122264e-05
Master_mpagosdolares_rank_delta1	1.98924519560593e-05	0.000158260618042735	0.000231944565248906
cplazo_fijo_lag1	1.83766046310024e-05	0.000409791531848277	5.79861413122264e-05
mcheques_emitidos_rank_lag1	1.7179782315586e-05	0.000473927693977125	2.89930706561132e-05
cinversion1	1.68087166226698e-05	0.000131852952203214	2.89930706561132e-05
ccheques_depositados	1.63520469589712e-05	1.70575354377856e-05	2.89930706561132e-05
cseguro_vivienda_delta1	1.55973251581793e-05	0.000211010354785301	2.89930706561132e-05
minversion1_pesos_rank_delta1	1.52187353695202e-05	0.000391362206651993	5.79861413122264e-05
minversion1_dolares_rank	1.39345654904445e-05	0.000699361804902971	2.89930706561132e-05
mtarjeta_master_descuentos_rank_delta1	1.278400324673e-05	5.84137169096682e-05	5.79861413122264e-05
ccheques_emitidos_delta1	1.14036905660721e-05	6.24078781503669e-05	2.89930706561132e-05
ctarjeta_visa_delta1	1.1276197038381e-05	0.000155347347277028	5.79861413122264e-05
Master_madelantopesos_rank_lag1	1.0836242745106e-05	2.96603191026535e-06	2.89930706561132e-05
mforex_sell_rank_lag1	1.06964419845129e-05	0.000145024700643176	5.79861413122264e-05
mcheques_depositados_rechazados_rank_lag1	1.06895468610886e-05	0.000293168012722771	2.89930706561132e-05
Visa_delinquency_lag1	7.49650229268945e-06	0.000869091554991026	0.000318923777217245
ccheques_depositados_delta1	5.9901980062654e-06	6.96361549547587e-05	2.89930706561132e-05
ccajeros_propios_descuentos_delta1	3.79374663692674e-06	5.14064665216663e-06	2.89930706561132e-05
cforex_sell_delta1	2.37226404120117e-06	0.00011036062866883	2.89930706561132e-05
Master_delinquency	1.33361355310883e-06	0.000120138552134546	0.000115972282624453
Master_mpagosdolares_rank	9.76484499109242e-07	8.14090200755043e-06	5.79861413122264e-05
ctarjeta_visa_lag1	5.86208122822968e-08	6.69538924436005e-05	0.000144965353280566
Visa_cadelantosefectivo	3.7399893067983e-10	5.33472210552582e-05	5.79861413122264e-05
Visa_cadelantosefectivo_lag1	6.74909712065418e-11	1.67338386860403e-05	2.89930706561132e-05
Visa_madelantopesos_rank	3.52969101819697e-11	3.57635001487764e-06	2.89930706561132e-05
Visa_cadelantosefectivo_delta1	1.85198656019297e-11	7.75446227308797e-06	2.89930706561132e-05
Master_mpagosdolares_rank_lag1	4.07407485614215e-13	7.39083816870448e-06	5.79861413122264e-05
Master_madelantopesos_rank_delta1	3.67088371109571e-14	6.86750465376824e-06	2.89930706561132e-05
