Feature	Gain	Cover	Frequency
ctrx_quarter_lag1	0.103326222326663	0.0160610619332001	0.0130413314357083
mcuenta_corriente_rank_lag1	0.0514807819965171	0.00833833887681931	0.00694182230096721
ctrx_quarter	0.0427181261802206	0.0193559205783142	0.0141450521362805
cpayroll_trx	0.0411794186635821	0.0107060829050002	0.00357256963606262
ctarjeta_master	0.0306651291920357	0.000817959866017366	0.000609950913474106
cprestamos_personales	0.0275324723982504	0.00335117955951221	0.000958494292602167
mpasivos_margen_rank	0.022537673012276	0.012726607225604	0.0216968253507218
mpayroll_rank	0.0201476257463369	0.0272357380287541	0.0105143919370298
mcuentas_saldo_rank	0.014886585465039	0.0115220884439428	0.0160039501582968
mtarjeta_visa_consumo_rank	0.011146783313736	0.0118684845422528	0.0135060559412124
mrentabilidad_annual_rank_lag1	0.0104251473796738	0.00731113479470132	0.0132446484068663
mcaja_ahorro_rank	0.0102066506590765	0.00468120243401721	0.0133317842516483
cliente_edad_lag1	0.00939909670128181	0.0110227774196179	0.0130703767173023
mrentabilidad_annual_rank_delta1	0.00903264969591864	0.00652979064237709	0.0111824334136919
mrentabilidad_annual_rank	0.00886644216789913	0.00481064868376044	0.00792936187516338
numero_de_cliente	0.00874819121196258	0.00916838346389811	0.0127508786197682
mprestamos_personales_rank	0.00857433939913863	0.0112817076096979	0.00368875076243864
Visa_msaldototal_rank	0.00822595067400672	0.00556440192563309	0.00856835807023149
cliente_edad	0.00815615543594781	0.00872136744019733	0.0121990182694821
ctrx_quarter_delta1	0.0078954723946062	0.00655256832443317	0.00720322983531325
Master_fechaalta_lag1	0.00751021251034414	0.00718491178868351	0.0097882598971797
mactivos_margen_rank	0.00718847335502382	0.00864788055434342	0.00720322983531325
mcomisiones_mantenimiento_rank	0.00705726574392588	0.00999402104342338	0.00845217694385547
Visa_mpagominimo_rank	0.00703902227280884	0.00606589760843803	0.011472886229632
Visa_Fvencimiento_lag1	0.00695473139071863	0.00569654793863527	0.00897499201254756
Visa_msaldopesos_rank	0.00683643442923581	0.0075501685392126	0.00813267884632142
mcuentas_saldo_rank_delta1	0.00664792262501621	0.0103109123866964	0.011269569258474
mactivos_margen_rank_delta1	0.00650817805781203	0.0047580423867522	0.00868453919660751
ccomisiones_mantenimiento	0.0064682191513089	0.00574708125299637	0.00159749048767028
cproductos_delta1	0.00645702255412072	0.00725403633731701	0.00159749048767028
Visa_fechaalta	0.00634115143742573	0.00655259205554765	0.0100787127131198
Visa_Fvencimiento	0.00633002766573607	0.00419692576868863	0.00769699962241134
Master_mlimitecompra_rank_delta1	0.00630299804803393	0.00398409117456213	0.00964303348920968
mcomisiones_rank	0.00625834745554368	0.00357457310363394	0.00697086758256121
chomebanking_transacciones	0.00612890299128902	0.00443327370942005	0.00792936187516338
Master_Fvencimiento_lag1	0.00611835462432642	0.00607365628692474	0.00772604490400534
mprestamos_personales_rank_lag1	0.00611129935273234	0.00371136762317818	0.00217839611955038
mcuenta_corriente_rank	0.00609937389533828	0.00615446352362145	0.00609950913474106
mcuenta_corriente_rank_delta1	0.00594991544696204	0.00601123926800132	0.00699991286415522
cliente_antiguedad	0.00590832343077547	0.0102686333123303	0.011269569258474
ccomisiones_mantenimiento_delta1	0.00583768467226335	0.00353496308167272	0.00241075837230242
Master_Fvencimiento	0.00581320229836061	0.00389450621740402	0.00720322983531325
mcuentas_saldo_rank_lag1	0.00560943006447727	0.00510626996872077	0.00848122222544948
Visa_fechaalta_lag1	0.00538777576482554	0.00598467437926398	0.00845217694385547
mtransferencias_recibidas_rank	0.00537282814247413	0.00536312159236203	0.00766795434081733
Master_mfinanciacion_limite_rank_delta1	0.0053019965233365	0.00580506892919968	0.00769699962241134
Visa_mfinanciacion_limite_rank_delta1	0.00512532882855343	0.00391146000477738	0.00816172412791542
Master_fechaalta	0.00502524659580364	0.00545717777067755	0.00880072032298353
mrentabilidad_rank_delta1	0.00496325593929068	0.00415029273278954	0.00758081849603532
mrentabilidad_rank_lag1	0.00492876335095051	0.00506760221159916	0.00737750152487728
Visa_mlimitecompra_rank_delta1	0.00485644144071131	0.00450853065722451	0.00723227511690726
mcomisiones_mantenimiento_rank_delta1	0.00473090983008569	0.00659531224945352	0.00650614307705713
mpasivos_margen_rank_lag1	0.00472522134597654	0.00679637621079845	0.0101948938394958
mcaja_ahorro_rank_delta1	0.00456246438894673	0.00443250733401717	0.00708704870893723
chomebanking_transacciones_lag1	0.00451432811171069	0.00403852337143733	0.00583810160039502
mcaja_ahorro_rank_lag1	0.00448751251782998	0.00357319949088998	0.0101077579947138
chomebanking_transacciones_delta1	0.00448385969876776	0.00513454628959642	0.00580905631880101
cpayroll_trx_lag1	0.00448107536299694	0.00382048189160457	0.00302070928577653
mactivos_margen_rank_lag1	0.00436296922603457	0.00358366072453147	0.0063318713874931
mcomisiones_rank_delta1	0.00415236008108335	0.00378633840166097	0.00665136948502716
Visa_mfinanciacion_limite_rank	0.00414448872115021	0.00314216986266056	0.005750965755613
Master_mlimitecompra_rank_lag1	0.00408876767703415	0.00443677614272757	0.00612855441633507
Visa_mpagominimo_rank_lag1	0.00405221341070955	0.00370789171288097	0.00569287519242499
mtransferencias_recibidas_rank_lag1	0.00403467796850847	0.00386850389567463	0.00653518835865114
cliente_antiguedad_lag1	0.0039934216300144	0.00619980111985957	0.00766795434081733
Master_mlimitecompra_rank	0.00391624093322415	0.00320190526564785	0.00650614307705713
mrentabilidad_rank	0.00389550196985296	0.00273679636107872	0.00595428272677104
Visa_mpagospesos_rank_delta1	0.00388337308349788	0.00360172289454579	0.00595428272677104
Visa_status	0.00387543211318149	0.00203867443533642	0.00124894710854222
Master_mfinanciacion_limite_rank	0.00380805954480714	0.00242595226415408	0.00569287519242499
Visa_mlimitecompra_rank	0.00380426418342072	0.00318624691793547	0.00534433181329693
Visa_mconsumospesos_rank	0.00376139791144301	0.00214986168640994	0.00569287519242499
Master_mfinanciacion_limite_rank_lag1	0.00368981823121089	0.00346889147111954	0.00560573934764298
cdescubierto_preacordado_delta1	0.0036508615175754	0.00411550431491129	0.000551860350286096
Visa_mlimitecompra_rank_lag1	0.00364457252942142	0.00361320317016197	0.00485056202619884
Visa_mconsumospesos_rank_lag1	0.00362201474145025	0.00365616486305637	0.00583810160039502
mcaja_ahorro_dolares_rank_delta1	0.00360496203648077	0.00396668091222203	0.00392111301519068
mcomisiones_rank_lag1	0.00357354348480595	0.00307007054902972	0.00601237328995905
Visa_mpagospesos_rank_lag1	0.00355986848236384	0.00420316844774451	0.00569287519242499
mpasivos_margen_rank_delta1	0.00352872680027049	0.0032134343994409	0.00546051293967295
mcomisiones_otras_rank_lag1	0.00346790118932306	0.00255227577842146	0.0063028261058991
ccomisiones_otras	0.00344117424248817	0.00815306448229036	0.00482151674460484
mcaja_ahorro_dolares_rank	0.00337421236541547	0.00375865256675148	0.00464724505504081
mcomisiones_mantenimiento_rank_lag1	0.00335815347253913	0.00418409561144297	0.00487960730779285
Visa_mfinanciacion_limite_rank_lag1	0.00330430596675173	0.00313232842989134	0.00473438089982282
ccomisiones_otras_lag1	0.0031336250930125	0.00577109155705744	0.00647709779546313
mcomisiones_otras_rank_delta1	0.003125397744886	0.00287439634256734	0.00499578843416887
cproductos	0.00307594857616155	0.00693129318040303	0.00598332800836504
Visa_cconsumos	0.0030115468630171	0.00266049664018511	0.00476342618141683
Master_fultimo_cierre	0.00299879945550698	0.00311294010936202	0.00389206773359668
Visa_mpagominimo_rank_delta1	0.00299223834750173	0.00327337500677105	0.00569287519242499
ccallcenter_transacciones_delta1	0.0028889445673609	0.0023713371981026	0.00110372070057219
mtransferencias_recibidas_rank_delta1	0.00280892899367389	0.00459701839932494	0.00551860350286096
thomebanking	0.00279158101653841	0.000823311930306329	0.00107467541897819
mcomisiones_otras_rank	0.00277308143827511	0.00391344504270615	0.00496674315257486
mcaja_ahorro_dolares_rank_lag1	0.00276616461246188	0.00326628638328139	0.00453106392866479
Visa_msaldopesos_rank_delta1	0.00273904218790997	0.00231084658729571	0.00522815068692091
ctarjeta_visa_transacciones	0.00271069751265349	0.00664953645009006	0.00888785616776555
Visa_cconsumos_lag1	0.00270207493907461	0.0028491185178035	0.00441488280228877
Visa_mconsumototal_rank_delta1	0.0026043897888432	0.00263684090689331	0.00412442998634872
ctarjeta_visa_transacciones_lag1	0.00258376975854927	0.00325855422780497	0.00406633942316071
mtransferencias_emitidas_rank_lag1	0.00255960015113498	0.00447763135022498	0.00641900723227512
ccaja_seguridad	0.00249651658520608	0.0038088703968848	0.000522815068692091
mautoservicio_rank	0.00247862658377702	0.00872887903590388	0.00726132039850126
Visa_msaldototal_rank_delta1	0.00243973758213106	0.00220139589542289	0.00479247146301083
Visa_cconsumos_delta1	0.00243754190014064	0.00455592169283901	0.00456010921025879
Visa_mpagospesos_rank	0.00237442835130108	0.00240203967644675	0.00415347526794272
Visa_msaldototal_rank_lag1	0.00233977305317491	0.00357539112910951	0.00374684132562665
Master_msaldototal_rank_lag1	0.00233862798294018	0.00327024808345146	0.00130703767173023
Master_status	0.0023378088559052	0.001999847540153	0.000755177321444131
mcuenta_debitos_automaticos_rank	0.00230666584359467	0.00544292514251107	0.00293357344099451
mprestamos_personales_rank_delta1	0.00229731930316558	0.00810071364374975	0.00209126027476836
Master_msaldototal_rank	0.00227560700946812	0.00398657735779078	0.00182985274042232
Visa_msaldopesos_rank_lag1	0.00219143335338055	0.00236011238095405	0.00397920357837869
mautoservicio_rank_delta1	0.00218133910099181	0.00299344138442922	0.00415347526794272
mtransferencias_emitidas_rank_delta1	0.00217755707161093	0.00349755028172267	0.00438583752069476
Master_status_delta1	0.00213742092970526	0.00293243846073916	0.000580905631880101
cdescubierto_preacordado	0.00204146332651926	0.00169007971906738	0.000580905631880101
internet_lag1	0.0020409632880936	0.00342250133015689	0.000813267884632142
ctarjeta_debito_transacciones_lag1	0.00203077744094353	0.00258756813349541	0.00522815068692091
mttarjeta_visa_debitos_automaticos_rank_delta1	0.00201191127101054	0.00283877593973441	0.00299166400418252
mttarjeta_visa_debitos_automaticos_rank	0.002007340218866	0.00146868656830144	0.0034273432280926
Master_fultimo_cierre_lag1	0.00199791538371466	0.00198836307669309	0.00267216590664847
mpayroll_rank_lag1	0.00197870949047722	0.00655725452156881	0.00676755061140318
tcallcenter	0.00197460565380494	0.000966578064363774	0.000638996195068111
ctransferencias_recibidas	0.00195399208707333	0.00368092339519748	0.00374684132562665
mtarjeta_visa_consumo_rank_delta1	0.0019362094572876	0.00262300566715207	0.00432774695750675
mpayroll_rank_delta1	0.00193334426047692	0.00738794264063437	0.00638996195068111
ctransferencias_recibidas_lag1	0.00191583626525011	0.00174898034520418	0.0034273432280926
Visa_mconsumospesos_rank_delta1	0.00189075284030245	0.00187251754744214	0.00371779604403265
Master_mpagominimo_rank_lag1	0.00187802871190107	0.00184494338836549	0.00185889802201632
mcuenta_debitos_automaticos_rank_delta1	0.00184968869977389	0.00497198117567593	0.00304975456737053
mautoservicio_rank_lag1	0.00182770154366023	0.00219786693910507	0.00540242237648494
mpagomiscuentas_rank	0.00180332014499526	0.00442824969289006	0.00386302245200267
mtransferencias_emitidas_rank	0.00180319837193828	0.00750969023765103	0.00699991286415522
ctarjeta_debito_transacciones_delta1	0.00175531034742765	0.00306780632151884	0.0040082488599727
Master_msaldopesos_rank_lag1	0.00167413110107102	0.00202141074752692	0.00145226407970025
ctarjeta_debito	0.0016624169292869	0.00157766542978051	0.00212030555636237
mttarjeta_visa_debitos_automaticos_rank_lag1	0.00164002687965264	0.0010164790143214	0.00304975456737053
Visa_mconsumototal_rank	0.00163734799731877	0.00216908109724208	0.00226553196433239
ctarjeta_debito_transacciones	0.00162987626439946	0.00378789767547703	0.00487960730779285
Master_msaldototal_rank_delta1	0.00157844284339343	0.00193880552992145	0.00180080745882831
Master_mpagospesos_rank_lag1	0.00157759441329256	0.00204051848252622	0.0023236225275204
Visa_fultimo_cierre	0.00157284337474559	0.00146475278708957	0.0022945772459264
mcuenta_debitos_automaticos_rank_lag1	0.00154701149340056	0.00348521429003734	0.00313689041215255
Master_msaldopesos_rank	0.00153668162208146	0.00302203039763682	0.00162653576926428
mtarjeta_visa_consumo_rank_lag1	0.00153374306830599	0.00127676048197882	0.00331116210171658
cmobile_app_trx_lag1	0.00152583730230197	0.00151141932573851	0.00130703767173023
Visa_fultimo_cierre_lag1	0.00151056897059472	0.00115937103433883	0.00226553196433239
ctarjeta_visa_transacciones_delta1	0.00148951526272002	0.00601303585296217	0.00357256963606262
ccaja_ahorro	0.00147673085528529	0.00246594198394697	0.00139417351651224
cmobile_app_trx	0.00144581127732419	0.00067686163906497	0.00142321879810625
cproductos_lag1	0.00140428506858398	0.0036881920959676	0.00389206773359668
mpagomiscuentas_rank_lag1	0.00138245870584152	0.00522269342040668	0.00336925266490459
ctarjeta_debito_lag1	0.00137608103715504	0.000870832789076509	0.00159749048767028
Visa_mconsumosdolares_rank_lag1	0.00137000022695878	0.00213104989236767	0.00188794330361033
ctransferencias_recibidas_delta1	0.00136658445225971	0.00367373705535409	0.00185889802201632
ccallcenter_transacciones	0.00135380155952335	0.00126238221850039	0.000638996195068111
Master_msaldopesos_rank_delta1	0.00134763806863949	0.00185019494440489	0.00194603386679834
Visa_mconsumototal_rank_lag1	0.00125345981850292	0.000899138424858277	0.00185889802201632
ctransferencias_emitidas_lag1	0.00122529179852622	0.00314334943864495	0.00336925266490459
mpagomiscuentas_rank_delta1	0.00120980380815065	0.00242736915128327	0.00241075837230242
ccajas_consultas	0.00119514076062974	0.00507095946632398	0.000668041476662116
matm_rank_delta1	0.00115967017572413	0.00131471909756189	0.00194603386679834
ccomisiones_mantenimiento_lag1	0.00115330698934902	0.00307378935426336	0.00148130936129426
Master_mpagominimo_rank	0.00113147153216381	0.00283212145604492	0.00185889802201632
matm_rank_lag1	0.00112703398787763	0.00130590368650691	0.00226553196433239
Master_mpagospesos_rank_delta1	0.00110496692431943	0.00144964165095811	0.00177176217723431
ctarjeta_master_transacciones	0.00108204342496377	0.00341603948727905	0.000871358447820152
mextraccion_autoservicio_rank_lag1	0.00104788297648846	0.000884384651391911	0.00249789421708443
ccajas_consultas_delta1	0.00104063378258897	0.00266343650648468	0.000755177321444131
internet	0.00102083320773886	0.00435551801485576	0.000842313166226147
ctransferencias_emitidas	0.00100555634627086	0.00199412973751148	0.00357256963606262
mextraccion_autoservicio_rank_delta1	0.00100475727305948	0.00135886595023232	0.00191698858520433
cprestamos_personales_lag1	0.00100311629472498	0.00221635347728419	0.000697086758256121
cpagomiscuentas	0.00099807832550007	0.00359125188926892	0.0028754828778065
foto_mes	0.00099470889231441	0.000472721008525238	0.00121990182694821
ccomisiones_otras_delta1	0.000986630842364678	0.00166108448501781	0.00197507914839234
mextraccion_autoservicio_rank	0.000977953618782108	0.00255564280478165	0.00252693949867844
Visa_mpagado_rank_delta1	0.000917637624050132	0.00372564677435497	0.00130703767173023
thomebanking_lag1	0.000898830327760434	0.000153370005033844	0.000784222603038136
Master_mconsumospesos_rank_lag1	0.000894613228709063	0.00161582226996687	0.00136512823491824
ctarjeta_visa	0.000863021507472425	0.000838178775553448	0.000813267884632142
cextraccion_autoservicio_lag1	0.000857901751314293	0.00152132078426788	0.00203316971158035
Visa_mconsumosdolares_rank_delta1	0.000844068188892833	0.00239343505352625	0.00153939992448227
cpagomiscuentas_lag1	0.000832511687352126	0.00178710647453651	0.00185889802201632
ctarjeta_visa_debitos_automaticos_lag1	0.00080864731676712	0.00086803112162008	0.00130703767173023
ctarjeta_visa_debitos_automaticos	0.000799667615406474	0.0015016853809584	0.00142321879810625
Master_mpagospesos_rank	0.00079388477827543	0.0026587586850365	0.0011618112637602
Visa_mconsumosdolares_rank	0.000776966074768008	0.00151238671764051	0.00133608295332423
ctransferencias_emitidas_delta1	0.000742472763599906	0.00166791067030029	0.00142321879810625
matm_rank	0.000739737077463996	0.00178891422708064	0.0017136716140463
Master_mconsumospesos_rank	0.000729479486413181	0.00131317517917285	0.00139417351651224
mplazo_fijo_dolares_rank	0.000713419779070881	0.00482067298570593	0.000842313166226147
ccuenta_debitos_automaticos	0.000698779999116656	0.00073155348225153	0.00124894710854222
Master_mpagado_rank_lag1	0.000692247423141423	0.00100015479945569	0.000261407534346046
mprestamos_prendarios_rank	0.000661505759569263	0.0029446948833936	0.000319498097534056
cextraccion_autoservicio	0.000651706747526657	0.00160183347595547	0.00110372070057219
Master_mpagominimo_rank_delta1	0.000651661100491816	0.000979190453735391	0.00127799239013622
Visa_mpagado_rank	0.000635358200489043	0.00134386788588162	0.00107467541897819
mplazo_fijo_dolares_rank_delta1	0.000628687651407022	0.00334313331575593	0.000668041476662116
mtarjeta_master_consumo_rank	0.000623904175380653	0.00234047837359248	0.00139417351651224
tcuentas	0.000620595672068131	0.000328187353765034	5.80905631880101e-05
cpagomiscuentas_delta1	0.000613433442638017	0.0015603068175131	0.00119085654535421
Master_mconsumototal_rank_delta1	0.000612582018298836	0.000753661109310556	0.00101658485579018
Visa_status_delta1	0.00060628343679403	0.000502608253289634	0.000348543379128061
Master_fultimo_cierre_delta1	0.000580370350317611	0.000347761335366451	0.000958494292602167
ccuenta_debitos_automaticos_lag1	0.000572506850031864	0.00148351293105915	0.00124894710854222
mtarjeta_master_consumo_rank_delta1	0.000567311038926833	0.00234491190415632	0.00104563013738418
Master_cconsumos_lag1	0.000518458434691636	0.000419580063467274	0.000929449011008162
Master_mconsumospesos_rank_delta1	0.000515412312696933	0.0007274521872904	0.00130703767173023
matm_other_rank_delta1	0.00051125391228949	0.0024275185177097	0.000900403729414157
minversion2_rank	0.000493296472134483	0.00436086589130099	0.000435679223910076
ctarjeta_visa_debitos_automaticos_delta1	0.000487743872933818	0.000777066967926371	0.000842313166226147
matm_other_rank	0.00046651573073373	0.00172416737109455	0.000929449011008162
Visa_fultimo_cierre_delta1	0.000463639920410852	0.000327203210488112	0.000697086758256121
Visa_status_lag1	0.000452287503285078	0.00219920006935963	0.00023236225275204
cplazo_fijo	0.000443690142354132	0.00454928116862863	0.000290452815940051
mtarjeta_master_consumo_rank_lag1	0.000443335895302043	0.00239864054328461	0.000726132039850126
Master_cconsumos	0.000441088821983296	0.000780425618599101	0.000668041476662116
ccaja_ahorro_delta1	0.000438750161624251	0.00312242278351824	0.000203316971158035
ctarjeta_master_transacciones_lag1	0.000429723362014842	0.000477509109858348	0.000348543379128061
catm_trx_lag1	0.000415970397234612	0.000261272590673894	0.000638996195068111
Visa_msaldodolares_rank_lag1	0.000399539911618221	0.00386983423403336	0.000842313166226147
thomebanking_delta1	0.000394965853873582	0.000861499481346722	0.000551860350286096
ccallcenter_transacciones_lag1	0.00038346868191998	0.000631579880743277	0.000435679223910076
Visa_mpagosdolares_rank_lag1	0.000383110587110355	0.00206771852756285	0.000493769787098086
ccuenta_debitos_automaticos_delta1	0.000366937312770866	0.00332645034227721	0.000697086758256121
ccajas_transacciones_delta1	0.000360506722245451	0.000970391794055336	0.000522815068692091
catm_trx	0.000352841793571406	0.000804278180546286	0.000784222603038136
cdescubierto_preacordado_lag1	0.000343250658402148	0.00136646549065724	0.000464724505504081
ccajas_transacciones	0.000338730011912932	0.000704211050528027	0.000464724505504081
mplazo_fijo_dolares_rank_lag1	0.000321799931113909	0.00116739075508481	0.000377588660722066
catm_trx_delta1	0.000318965070813653	0.000863388198869665	0.000580905631880101
Visa_msaldodolares_rank	0.000315808522085373	0.00347510343932139	0.000697086758256121
matm_other_rank_lag1	0.000309409721510867	0.00160709061578652	0.000871358447820152
ccajas_depositos_delta1	0.000302224594576083	0.00366716493259132	0.000406633942316071
Master_mconsumototal_rank	0.000302053911859446	0.000404947737469124	0.000755177321444131
mttarjeta_master_debitos_automaticos_rank	0.000290348921875638	0.00220398119095318	0.000522815068692091
Visa_mpagado_rank_lag1	0.000290040759503916	0.000958697938408846	0.000377588660722066
Master_cconsumos_delta1	0.000282343995716385	0.000700736536178723	0.000580905631880101
tcallcenter_lag1	0.000280243837592779	0.000285976680846501	0.00023236225275204
catm_trx_other_lag1	0.000280190704198552	0.000571678359954628	0.000406633942316071
mcaja_ahorro_adicional_rank_lag1	0.000276918793836732	0.0024407521039015	0.000493769787098086
catm_trx_other_delta1	0.000272885952244256	0.000475257445878667	0.000493769787098086
mttarjeta_master_debitos_automaticos_rank_delta1	0.000267563005487803	0.00219578418482257	0.000638996195068111
cseguro_vivienda_lag1	0.000246605343013119	0.00257211499012587	0.000319498097534056
cextraccion_autoservicio_delta1	0.000243175399532055	0.000341443275123404	0.000668041476662116
Visa_Finiciomora_lag1	0.000240427333050575	0.00307269772299733	0.000290452815940051
ctarjeta_debito_delta1	0.000238900331437602	0.00391040885600075	0.000290452815940051
cseguro_vivienda	0.000236202426461031	0.000929665013765694	0.000290452815940051
mttarjeta_master_debitos_automaticos_rank_lag1	0.000235936425950142	0.00126839177425521	0.000435679223910076
active_quarter	0.000235933991638457	0.000114135493060556	0.00023236225275204
ccaja_ahorro_lag1	0.000234809294844764	0.000677212021990513	0.000522815068692091
minversion1_pesos_rank	0.000233759805664935	0.00305014478855485	0.000203316971158035
Master_status_lag1	0.000224753453004707	0.000848443180539557	0.000145226407970025
Master_mconsumosdolares_rank_lag1	0.000221174350891601	0.00206468513275328	0.000348543379128061
Master_mpagado_rank	0.000217300881707179	0.00087710757493433	0.000406633942316071
Visa_msaldodolares_rank_delta1	0.000214212003808447	0.000951200302181403	0.000580905631880101
minversion2_rank_lag1	0.000212987611692582	0.00137515805829609	0.000203316971158035
tcallcenter_delta1	0.000212886237453042	0.000564468288996753	0.000406633942316071
cseguro_accidentes_personales	0.000202416360789842	0.000536258973620811	0.000290452815940051
Visa_Finiciomora	0.000198117858309164	0.00178472638334906	0.000319498097534056
cliente_edad_delta1	0.00018554132518702	0.00060279962267193	0.00023236225275204
ctarjeta_visa_descuentos_delta1	0.000182589334425275	0.0019455479583293	0.000348543379128061
cprestamos_personales_delta1	0.000173025655074646	0.00105208545767523	0.000348543379128061
cpayroll_trx_delta1	0.000169723108884089	0.00111493661639882	0.00142321879810625
internet_delta1	0.00016705383179577	0.000563954580165679	0.000261407534346046
Master_mconsumototal_rank_lag1	0.000163964539361237	0.000410958689171856	0.000406633942316071
active_quarter_lag1	0.000163450882982145	5.61492128051508e-05	0.000203316971158035
mprestamos_hipotecarios_rank	0.000162788485046828	0.00277392717955085	0.00017427168956403
ccajas_extracciones	0.000161911642436446	0.00140414352071029	0.000406633942316071
cseguro_accidentes_personales_lag1	0.00015558896751026	0.000510909955513541	0.00023236225275204
ctarjeta_master_transacciones_delta1	0.000154564256842734	0.000617769768064427	0.000406633942316071
Master_Fvencimiento_delta1	0.000149416465274701	0.000250216683222516	0.000319498097534056
Visa_mpagosdolares_rank_delta1	0.000147697037665057	0.000453948301024463	0.000435679223910076
mprestamos_hipotecarios_rank_lag1	0.000147668394458867	0.00158715927152	0.00011618112637602
cseguro_auto	0.000141382584360753	0.00139254179762589	0.000145226407970025
cforex	0.000138430810632416	0.000242174627309966	0.000145226407970025
ccajas_depositos_lag1	0.000135956367189792	0.00151152262588389	0.000203316971158035
ccaja_seguridad_lag1	0.000131215349928462	0.000221210281589663	0.00011618112637602
Master_mpagado_rank_delta1	0.000125969266694151	0.000384245829956	0.00017427168956403
mtarjeta_visa_descuentos_rank_delta1	0.000124259366207904	0.0015668440415781	0.000406633942316071
cseguro_vida	0.000123843777415958	0.000171708572734445	0.00017427168956403
cmobile_app_trx_delta1	0.000118475025931434	0.000626444188380446	0.00023236225275204
minversion1_pesos_rank_lag1	0.000118202460814253	0.00152408615707864	8.71358447820152e-05
mcheques_emitidos_rank	0.000118196805743327	0.000708389122624236	0.000145226407970025
cprestamos_prendarios_lag1	0.000112197156961409	0.000985170694584091	8.71358447820152e-05
ccajas_otras_delta1	0.00010779801699438	0.00148686599794024	0.000203316971158035
Master_mconsumosdolares_rank	0.000106624911463805	3.26163229294769e-05	0.000203316971158035
mcaja_ahorro_adicional_rank	0.000106096817438085	0.00213817201860718	0.000290452815940051
mtarjeta_visa_descuentos_rank	0.000105314076160624	0.001401043120401	0.000464724505504081
cinversion2	0.000104382041060834	0.00133366490260357	8.71358447820152e-05
Master_Finiciomora	0.000100213521851208	0.00238983909170874	0.000145226407970025
mcheques_depositados_rank_delta1	9.61942316805927e-05	0.00108652070073212	0.000203316971158035
Visa_Fvencimiento_delta1	9.34219372468168e-05	2.84103318750573e-05	0.000145226407970025
mcheques_emitidos_rank_lag1	8.94058001630357e-05	0.00110667400071641	0.000145226407970025
active_quarter_delta1	8.79907299491413e-05	0.000878816215176816	0.000145226407970025
catm_trx_other	8.70994206871631e-05	0.000394862013815562	0.00017427168956403
mcheques_depositados_rank_lag1	8.52989467086531e-05	0.00149881391610645	0.000261407534346046
tcuentas_lag1	8.42074321335525e-05	0.000847084923222614	0.000145226407970025
mtarjeta_master_descuentos_rank	8.39987141180572e-05	0.000257019137390517	8.71358447820152e-05
mtarjeta_master_descuentos_rank_delta1	8.00891366627133e-05	0.000141165232452101	0.00017427168956403
mforex_sell_rank_delta1	7.905562670487e-05	0.000756808971848795	0.000203316971158035
ccheques_emitidos	7.6282169137778e-05	0.00114382436245928	0.00011618112637602
ccajas_depositos	7.50523617382117e-05	0.000510051447548567	8.71358447820152e-05
ctarjeta_visa_descuentos	7.44248841633412e-05	0.00088271509769092	0.000406633942316071
ccajas_extracciones_lag1	7.39724832267023e-05	0.00102206699380725	0.00017427168956403
Master_msaldodolares_rank_delta1	7.11892562220408e-05	0.00150218792220619	0.00011618112637602
minversion2_rank_delta1	6.51023724068133e-05	0.00101341770055362	8.71358447820152e-05
ctarjeta_master_debitos_automaticos_delta1	6.44421464749474e-05	0.000321629190481375	0.000145226407970025
mcajeros_propios_descuentos_rank_delta1	6.3113793900219e-05	0.000721963320106206	0.000145226407970025
Visa_mpagosdolares_rank	6.2064686709638e-05	9.7005816250472e-05	0.000203316971158035
ctarjeta_master_debitos_automaticos	6.0280975701671e-05	0.00103029331484398	0.000145226407970025
ccajas_transacciones_lag1	6.02513235663722e-05	0.000317532083363977	0.00023236225275204
Master_Finiciomora_lag1	5.86576896828924e-05	0.00172075009060958	0.00017427168956403
Master_msaldodolares_rank	5.70067652097561e-05	0.000405053829510324	8.71358447820152e-05
mforex_buy_rank	5.28543259124973e-05	0.000569321999881657	8.71358447820152e-05
mcheques_depositados_rank	5.24465628543042e-05	0.000846434411496308	8.71358447820152e-05
Visa_delinquency	5.15031567990863e-05	0.00106610775443648	0.00023236225275204
ccajas_consultas_lag1	5.0589152033339e-05	0.00109125715199254	0.000145226407970025
mprestamos_prendarios_rank_lag1	4.70919581264498e-05	0.000165147617554965	2.90452815940051e-05
ccheques_emitidos_delta1	4.56585532247485e-05	0.000809066281879395	5.80905631880101e-05
Master_mpagosdolares_rank_lag1	4.39697796168932e-05	2.79845677623464e-05	0.00011618112637602
Master_msaldodolares_rank_lag1	4.36165034154604e-05	0.000830584818920178	0.000145226407970025
ctarjeta_visa_descuentos_lag1	4.23160056040958e-05	0.000959669518154573	0.000319498097534056
ccajas_extracciones_delta1	4.17994279481914e-05	0.000903584518953307	0.000203316971158035
minversion1_pesos_rank_delta1	4.01525228166172e-05	0.000934863523784498	8.71358447820152e-05
ctarjeta_master_descuentos_delta1	3.92358177701837e-05	0.000192101975759342	5.80905631880101e-05
cseguro_vida_lag1	3.69213774226147e-05	0.000115158722878973	0.000145226407970025
cprestamos_prendarios	3.68117744412757e-05	0.00020566919350176	2.90452815940051e-05
cforex_sell_delta1	3.57461294003265e-05	0.000788692422125245	0.00011618112637602
mcaja_ahorro_adicional_rank_delta1	3.56373489772575e-05	0.000663831861268106	8.71358447820152e-05
ctarjeta_master_descuentos	3.47463580598726e-05	0.000298395033458554	5.80905631880101e-05
Master_cadelantosefectivo	3.40209111220227e-05	4.28416413740914e-06	2.90452815940051e-05
Visa_delinquency_lag1	3.17803289080524e-05	0.00112116673192351	0.00017427168956403
cplazo_fijo_lag1	3.15559861813927e-05	0.000123608395581396	8.71358447820152e-05
Visa_Finiciomora_delta1	3.07185157986891e-05	0.000297180558776395	2.90452815940051e-05
cforex_delta1	2.98320066800377e-05	0.0006338371285146	8.71358447820152e-05
Visa_cadelantosefectivo_lag1	2.94796887437027e-05	4.16830046083535e-06	2.90452815940051e-05
ccajas_otras_lag1	2.59514637493436e-05	0.000710943707300501	5.80905631880101e-05
mcajeros_propios_descuentos_rank_lag1	2.49692542236234e-05	0.000131281921245566	2.90452815940051e-05
ccheques_depositados_lag1	2.4408353018502e-05	0.000375720776066408	5.80905631880101e-05
mtarjeta_visa_descuentos_rank_lag1	2.41710036199394e-05	0.000743445562501315	0.000348543379128061
minversion1_dolares_rank	2.39848621749355e-05	0.000684634277030788	2.90452815940051e-05
ctarjeta_master_delta1	2.33260887994754e-05	0.000316736393054976	0.00011618112637602
cseguro_auto_lag1	2.31994795963679e-05	0.000349183806287279	5.80905631880101e-05
ccheques_emitidos_lag1	2.15615352805075e-05	0.000214360365192704	2.90452815940051e-05
ctarjeta_master_debitos_automaticos_lag1	2.02662616041112e-05	0.000402531351636001	2.90452815940051e-05
mcheques_emitidos_rank_delta1	1.98134971591066e-05	9.19357334394358e-05	2.90452815940051e-05
mpagodeservicios_rank_lag1	1.92769729970453e-05	4.70964906053795e-05	2.90452815940051e-05
Master_mpagosdolares_rank_delta1	1.74342953805855e-05	9.71440150936142e-06	8.71358447820152e-05
Master_mconsumosdolares_rank_delta1	1.58601065148743e-05	0.000576847555067311	0.000145226407970025
cforex_lag1	1.36399746010913e-05	3.87012598714666e-05	2.90452815940051e-05
Visa_delinquency_delta1	1.32695336822308e-05	0.000157361020110042	2.90452815940051e-05
ccajeros_propios_descuentos	1.24448688737836e-05	2.72028369324509e-05	2.90452815940051e-05
ccheques_depositados_delta1	1.23502253321459e-05	0.000137285893208745	2.90452815940051e-05
Master_mpagosdolares_rank	1.22797125565696e-05	0.000250702473095379	0.00011618112637602
Visa_fechaalta_delta1	1.13654700889829e-05	2.72572789009615e-05	5.80905631880101e-05
cplazo_fijo_delta1	6.44777910281329e-06	4.19761536695643e-06	2.90452815940051e-05
Master_delinquency	5.25749964815466e-06	0.000153428634846086	8.71358447820152e-05
mforex_sell_rank	2.98964260572948e-06	4.7455249218385e-05	2.90452815940051e-05
Master_cadelantosefectivo_lag1	2.23196040713547e-06	2.8393580500131e-06	2.90452815940051e-05
Master_fechaalta_delta1	1.3516343422783e-06	3.98822318037729e-06	2.90452815940051e-05
ctarjeta_master_lag1	2.63813008722377e-08	2.51270623894964e-05	2.90452815940051e-05
ctarjeta_visa_delta1	6.68231669340478e-09	5.55489552036239e-05	2.90452815940051e-05
ctarjeta_visa_lag1	5.22362068608928e-09	1.20260912491951e-05	5.80905631880101e-05
Visa_cadelantosefectivo	3.39097966313557e-10	1.23038848833901e-05	5.80905631880101e-05
Master_madelantopesos_rank_delta1	2.10654372314554e-10	1.83622988150798e-05	5.80905631880101e-05
Visa_madelantopesos_rank_lag1	1.23272794605734e-10	1.46225543627764e-05	2.90452815940051e-05
Master_cadelantosefectivo_delta1	4.81359965203988e-11	2.48018065263435e-05	5.80905631880101e-05
Visa_cadelantosefectivo_delta1	2.32884715725937e-11	2.44611952361748e-05	2.90452815940051e-05
