Feature	Gain	Cover	Frequency
ctrx_quarter	0.139567288029726	0.0168188797625337	0.0169864808907778
cpayroll_trx	0.0338290370556501	0.00871448471915151	0.00369033913807147
ctrx_quarter_lag1	0.0329016621236248	0.00993936067112313	0.0123860704486197
mcuentas_saldo_rank	0.0295415283579448	0.0124377479604886	0.0171138908733499
mpayroll_rank	0.0233603548064356	0.0205827350781659	0.00954664797986922
mpasivos_margen_rank	0.0231819453011941	0.0110548910953209	0.0198668565682121
mcaja_ahorro_rank	0.017661469230745	0.00546748518249753	0.012399721518181
mtarjeta_visa_consumo_rank	0.0141335975665032	0.0117442574710028	0.0113895423706447
mprestamos_personales_rank	0.0119263717519197	0.012133940763864	0.0030669402947721
mrentabilidad_annual_rank_delta1	0.0115853835375792	0.00586421938585774	0.0109572585012036
mrentabilidad_annual_rank_lag1	0.0101204695471738	0.00622650125469479	0.0108526003012336
mactivos_margen_rank	0.00939959435063403	0.00846207239818951	0.00975596437980916
numero_de_cliente	0.00890991239536157	0.00836630564064312	0.0119628872922193
mprestamos_personales_rank_lag1	0.00882496725996998	0.00457023656248484	0.00178373975600988
mcuenta_corriente_rank	0.00867870769074275	0.00699904918152041	0.00720776472836647
cliente_edad_lag1	0.00844918078856768	0.0103081446154957	0.0130322210745212
mcuenta_corriente_rank_lag1	0.00839171305218566	0.0055904344892274	0.00690289084149743
mcomisiones_mantenimiento_rank	0.00801016679828279	0.00956575042988846	0.00863202631926211
cliente_edad	0.00798381871275636	0.00831814134987341	0.0115852077010234
mrentabilidad_annual_rank	0.00798107575785741	0.00576788595766552	0.00970591045808439
mcuentas_saldo_rank_delta1	0.00774271470627014	0.00917034731125431	0.0120356929965463
ctrx_quarter_delta1	0.00712225752612754	0.00595898695746208	0.00824524601502528
cprestamos_personales	0.00711874111298489	0.00401083318173827	0.000946474156250142
ccomisiones_mantenimiento_delta1	0.00710349983778118	0.00310554338312565	0.00207496257331762
Visa_msaldopesos_rank	0.00698142683296908	0.00688085385959279	0.00828619922370918
chomebanking_transacciones	0.00691838307760559	0.00492712022942896	0.00799952676292187
Master_Fvencimiento	0.00691148255049295	0.00421338565891367	0.00862747596274168
Visa_fechaalta_lag1	0.00678216234278445	0.0057075272945752	0.00879128879747728
cprestamos_personales_lag1	0.00671008920896548	0.00369717041357004	0.000882769164964075
Visa_Fvencimiento	0.0064107372041678	0.00536210848177166	0.00831350136283178
Visa_status	0.00627147656566102	0.00195289360829987	0.00113303877358791
cproductos_delta1	0.00609907159618154	0.00709460229861121	0.00136055659960958
mcaja_ahorro_rank_lag1	0.00604793660331865	0.00452851386102368	0.0106523846143345
Master_mlimitecompra_rank_delta1	0.00597734174139075	0.0041073932394156	0.00871848309315035
Visa_mfinanciacion_limite_rank_delta1	0.00595755107474029	0.00440857141769332	0.00878218808443642
Master_Fvencimiento_lag1	0.00592037596787676	0.00564492928402339	0.00746713505003117
mpasivos_margen_rank_lag1	0.00587989612580563	0.00650219747732485	0.0108753520838358
Visa_Fvencimiento_lag1	0.00587078601350995	0.00612862852957207	0.00772195501517544
Visa_mpagominimo_rank	0.0058074869019593	0.00562996824841622	0.010520424275242
Master_fechaalta_lag1	0.00574050739261332	0.00572943939963366	0.00873668451923208
Visa_fechaalta	0.00569416411430287	0.00526129752185313	0.00920082088431629
Visa_mlimitecompra_rank_delta1	0.00569119457526547	0.00362409432738852	0.00862747596274168
mactivos_margen_rank_delta1	0.00558453400118313	0.00414436912912066	0.00788576784991104
mtransferencias_recibidas_rank	0.00555881026851638	0.00448687704225021	0.0075399407543581
mcuenta_corriente_rank_delta1	0.00554019966421491	0.00550191619174835	0.00662076873723056
cliente_antiguedad	0.00552481319267489	0.0068769573446046	0.0103884639361494
Master_mfinanciacion_limite_rank_delta1	0.00541532991602564	0.00520169435500187	0.00806323175420794
Master_fechaalta	0.00528889674870906	0.00525589951382631	0.00895510163221288
mpasivos_margen_rank_delta1	0.00522747130921511	0.00330782270294902	0.00736702720658164
mcuentas_saldo_rank_lag1	0.0051889067634792	0.00540640708226501	0.00878218808443642
chomebanking_transacciones_lag1	0.00504955173516366	0.00328708154920798	0.0067891319284866
cproductos	0.00503042779898973	0.0057665793000696	0.00603832310261509
ctarjeta_visa_transacciones	0.00500116144184401	0.00692464840819454	0.00973321259720699
mactivos_margen_rank_lag1	0.00493239322136324	0.0043929442581248	0.00646150625901539
cliente_antiguedad_lag1	0.00486295635004139	0.00609893134304784	0.00846366312800608
mcomisiones_mantenimiento_rank_delta1	0.00467691235965376	0.00611100609997725	0.00784936499774757
mrentabilidad_rank_delta1	0.00467586796579909	0.00404450501129389	0.00712585831099867
Visa_mpagominimo_rank_lag1	0.00464413390233679	0.00389707719991287	0.00709855617187607
mrentabilidad_rank	0.0046359891922099	0.00306827766358292	0.00652066089378103
chomebanking_transacciones_delta1	0.00463203091993257	0.00381288211673485	0.00595641668524729
Master_mfinanciacion_limite_rank	0.00460541927841379	0.00342957236617688	0.00644330483293366
Master_mfinanciacion_limite_rank_lag1	0.0045825377061009	0.00327284499126193	0.00624308914603459
Master_mlimitecompra_rank	0.00451222204481605	0.00381780767304636	0.0065843658850671
Visa_mpagospesos_rank_lag1	0.00448277196369066	0.00523973650832379	0.006761829789364
Visa_msaldototal_rank	0.00443910679188717	0.00409597064808747	0.0068573872762931
cpayroll_trx_lag1	0.00443177715548264	0.00344177546247254	0.00219327184284889
mcaja_ahorro_rank_delta1	0.00440567794287753	0.00460998648238872	0.0066799233719962
mrentabilidad_rank_lag1	0.00438953058587672	0.00439581774163915	0.00637049912860673
ccomisiones_otras	0.00433391557218998	0.00866428386487363	0.00591091312004296
Visa_mpagospesos_rank_delta1	0.00423835198821029	0.00344265813488118	0.00663441980679186
Master_mlimitecompra_rank_lag1	0.00421195171340959	0.00350786034891756	0.00623398843299373
mcomisiones_otras_rank	0.00418337277239256	0.00362142188303247	0.00621123665039156
Visa_mfinanciacion_limite_rank_lag1	0.00416139010106166	0.00344002407601534	0.00550138103320395
Visa_mfinanciacion_limite_rank	0.00415184015166879	0.00301489197681456	0.00570159672010302
ctarjeta_master	0.00410209031563685	0.000500560556787181	0.000514190286808972
mcaja_ahorro_dolares_rank_delta1	0.00402848409451041	0.00452764592243957	0.00390875625105227
Visa_mlimitecompra_rank	0.0039801409240172	0.00377972868516314	0.00559238816361262
Visa_mlimitecompra_rank_lag1	0.00396955382106726	0.00276602003879271	0.00506909716376278
mcomisiones_otras_rank_lag1	0.00394560945931895	0.00320059574404875	0.00632044520688196
mcomisiones_rank	0.00377787025751182	0.00445384264447135	0.00636594877208629
mtransferencias_recibidas_rank_lag1	0.00374610404139517	0.00431463785810347	0.00604287345913552
Master_status	0.00374400277636096	0.00293306613139318	0.000864567738882341
Visa_mconsumospesos_rank_lag1	0.00359709050493544	0.00278206478596682	0.00527386320718228
mcomisiones_rank_delta1	0.00356287794066686	0.00295911553315112	0.00554233424188785
Visa_mpagominimo_rank_delta1	0.00354265960118284	0.0033138182063335	0.00585630884179776
Visa_mconsumospesos_rank	0.00350127180496271	0.00363148896250441	0.00572434850270519
cdescubierto_preacordado_delta1	0.00349990065535879	0.00432590186695185	0.000536942069411138
ccomisiones_otras_lag1	0.00347212355654193	0.00662852373786234	0.00603832310261509
mcomisiones_otras_rank_delta1	0.00345170575295103	0.00288077404336349	0.00522380928545752
Visa_msaldototal_rank_lag1	0.00339854365254604	0.00302082718783816	0.00396336052929747
mcomisiones_mantenimiento_rank_lag1	0.00338400702565481	0.00442978812500748	0.00497809003335411
cdescubierto_preacordado	0.00337243733347966	0.00209266894263582	0.000550593138972439
Visa_cconsumos_lag1	0.00333621192888801	0.00345951091601074	0.00503269431159931
Visa_mconsumospesos_rank_delta1	0.00330362814898313	0.00260350362790273	0.00540127318975442
mprestamos_personales_rank_delta1	0.00327243725283619	0.0102577099586866	0.00242534002539099
mcaja_ahorro_dolares_rank_lag1	0.00326336780598893	0.00404613910875324	0.00512370144200798
mcomisiones_rank_lag1	0.0032252127950242	0.00234899193081221	0.00544222639843832
Visa_mpagospesos_rank	0.00317287731312143	0.00261134997105995	0.00539672283323398
mtransferencias_recibidas_rank_delta1	0.00303582154722044	0.0031824576305956	0.00537852140715225
mautoservicio_rank	0.0029502226296517	0.0056322519912174	0.0070485022501513
Visa_msaldototal_rank_delta1	0.0029452088050955	0.00310936002527563	0.00465046436388291
mpayroll_rank_lag1	0.00283646697125846	0.00685075982913698	0.0073624768500612
mcaja_ahorro_dolares_rank	0.00273059109763344	0.00356152966180799	0.00485068005078198
Visa_mconsumototal_rank_delta1	0.00267426458941752	0.00222433098017813	0.00391785696409314
Visa_cconsumos	0.00266809064457414	0.00226356327756255	0.00429098619876867
mcuenta_debitos_automaticos_rank	0.00259902696755155	0.0052633482375875	0.00344461988596807
ctarjeta_visa_transacciones_lag1	0.00249342642933492	0.00268003654073008	0.00442749689438168
Visa_cconsumos_delta1	0.00247164602683667	0.00553571888092967	0.00431828833789127
tcallcenter	0.00246860748877298	0.000825183739472166	0.000664352051983273
Visa_msaldopesos_rank_lag1	0.00245239206286985	0.00310384938103764	0.00424093227704391
Visa_msaldopesos_rank_delta1	0.00244524564510668	0.00288593437153681	0.00382229947716404
thomebanking	0.00236027228654035	0.00143563904672897	0.00110573663446531
mtransferencias_emitidas_rank	0.00233034183219156	0.00887166942422503	0.00787666713687017
ctransferencias_recibidas	0.00227014041616418	0.0033381937680791	0.00349922416421327
mttarjeta_visa_debitos_automaticos_rank	0.00219906586558449	0.00177361204376301	0.0035993320076628
mtarjeta_visa_consumo_rank_delta1	0.00217496904781895	0.002634611384259	0.00415902585967611
ccomisiones_mantenimiento	0.00215429594808544	0.00478941150784856	0.00181104189513248
mautoservicio_rank_delta1	0.00209392126022716	0.00315716934719398	0.00363573485982627
mtransferencias_emitidas_rank_delta1	0.00208126539155553	0.00340360865324051	0.0035993320076628
mttarjeta_visa_debitos_automaticos_rank_delta1	0.0020597311029199	0.00234922515174513	0.00296228209480213
mttarjeta_visa_debitos_automaticos_rank_lag1	0.00203768258202136	0.00176830864239892	0.00318524956430336
mcuenta_debitos_automaticos_rank_delta1	0.00202919515359688	0.00567144900496941	0.00257550179056529
mpayroll_rank_delta1	0.00201974552741001	0.00664759008226048	0.00610202809390116
internet_lag1	0.00201396860655739	0.00282263320859621	0.000978326651893176
ctarjeta_debito_transacciones_lag1	0.00199917385915854	0.00467582826072909	0.00499629145943585
Master_fultimo_cierre_lag1	0.00198962359647541	0.00181098846085578	0.00293953031219996
mtransferencias_emitidas_rank_lag1	0.00198518214185351	0.00445300998951965	0.00485523040730241
Master_fultimo_cierre	0.00195956957913768	0.00211186091227464	0.00293497995567953
mtarjeta_visa_consumo_rank_lag1	0.00191832406466808	0.00138925541619941	0.00313064528605816
Visa_fultimo_cierre_lag1	0.0019011703283824	0.00202103618965929	0.00260735428620832
Visa_mconsumototal_rank_lag1	0.00188248607992516	0.00145612662359532	0.00240258824278882
Visa_mconsumototal_rank	0.00186979304401545	0.00250624293809608	0.0030942424338947
Visa_fultimo_cierre	0.00185420255204411	0.00139054462584523	0.00247539394711576
mpagomiscuentas_rank	0.001834467831325	0.00334540384265623	0.0031624977817012
mcuenta_debitos_automaticos_rank_lag1	0.00183127147591252	0.0032317909340216	0.00308514172085383
cproductos_lag1	0.0017914751283047	0.0036338940654918	0.0040225151640631
ctarjeta_debito_transacciones_delta1	0.00178372160511598	0.00293302289925017	0.00295318138176126
Master_mpagominimo_rank_lag1	0.00167170268209242	0.00252905768377273	0.00163357799083558
mautoservicio_rank_lag1	0.00166985818899886	0.00186430086623374	0.00404071659014484
ctransferencias_recibidas_lag1	0.00166275036422986	0.00137019353072184	0.00307604100781296
ccaja_seguridad	0.00162563521384013	0.00373159114791691	0.000486888147686371
mpagomiscuentas_rank_lag1	0.00162089053321032	0.00458362010953741	0.00304418851216993
mtarjeta_master_consumo_rank	0.00160948532046784	0.00217288298520075	0.00131960339092568
ctarjeta_debito_transacciones	0.00160518083311554	0.00421814216397538	0.00531026605934575
ctarjeta_debito_lag1	0.00157972368328948	0.00152201376660594	0.00189294831250028
Visa_status_delta1	0.0015738699356465	0.000773314667299193	0.000477787434645505
ctarjeta_visa_transacciones_delta1	0.0015588695936788	0.00631440674139333	0.00326260562515073
ccajas_consultas	0.00155581634632342	0.00498191183324266	0.000773560608473674
ccallcenter_transacciones	0.00154785919770283	0.00094172150614087	0.000691654191105873
ctarjeta_debito	0.00148357355491748	0.00236766899205714	0.00187929724293898
internet	0.00146185287840855	0.00309377008800063	0.000823614530198441
ccallcenter_transacciones_delta1	0.00142086971703383	0.00195393428158991	0.000982877008413609
ctarjeta_master_transacciones	0.00139463902315449	0.00297199929336655	0.000991977721454476
ccajas_transacciones	0.0013871346894508	0.000776619502913086	0.000536942069411138
Master_mpagominimo_rank	0.00137351636910216	0.00261326498051581	0.00174278654732598
Master_mpagospesos_rank_lag1	0.00133500928413848	0.00306568993871788	0.00222057398197149
ccaja_ahorro	0.00131998200160457	0.00227671127728885	0.00125589839963961
ctransferencias_recibidas_delta1	0.00131830916918801	0.00493823651229988	0.00207041221679719
mpagomiscuentas_rank_delta1	0.00130848249490195	0.00214299464668994	0.00219782219936932
cmobile_app_trx_lag1	0.00127999871194449	0.00187061508550661	0.00132415374744611
cmobile_app_trx	0.00127592990425577	0.000765963845924641	0.00125134804311918
Master_msaldopesos_rank_delta1	0.00127576582581374	0.00211209645960091	0.00172913547776468
Master_msaldototal_rank	0.0012683508019369	0.0040914109171296	0.00181104189513248
Visa_mconsumosdolares_rank_lag1	0.00126405370693462	0.00163560244197655	0.00171093405168295
Master_msaldototal_rank_lag1	0.00124604175376286	0.00225045502038925	0.00152891979086561
Master_mpagospesos_rank_delta1	0.00122335662464875	0.00159706321594308	0.00174733690384642
ctransferencias_emitidas	0.00115898644744869	0.00174572324033295	0.00298958423392473
foto_mes	0.00113714073091359	0.00141798928201234	0.00162447727779472
ctransferencias_emitidas_lag1	0.00112691940782251	0.00208525007425591	0.00265740820793309
mextraccion_autoservicio_rank_delta1	0.00110573070535962	0.00152810368278704	0.00192480080814332
Master_mpagospesos_rank	0.00109112996220755	0.00321108370685018	0.00177463904296902
ccaja_seguridad_lag1	0.00108788214375968	0.00037013790529988	0.000168363191256035
Master_msaldototal_rank_delta1	0.00105581014674001	0.00195726567686117	0.00151071836478388
Master_msaldopesos_rank_lag1	0.00105505530098722	0.00192948466298947	0.00135600624308915
Master_msaldopesos_rank	0.00104331777796465	0.00264640193346799	0.00156532264302908
ccomisiones_mantenimiento_lag1	0.00101295533110296	0.00319772730105331	0.00144246301697738
ctarjeta_visa_debitos_automaticos	0.00101286464824215	0.00149350245908976	0.00157897371259038
ccomisiones_otras_delta1	0.00101073121599759	0.00131244643802835	0.00190659938206158
ctarjeta_visa_debitos_automaticos_lag1	0.0010087491154265	0.00118258871239187	0.00161537656475385
matm_rank_lag1	0.00100473888578735	0.00117604282311498	0.00166543048647862
ccajas_consultas_delta1	0.00100303149966044	0.00456198562075155	0.000709855617187607
Master_mconsumospesos_rank_lag1	0.000991792411387045	0.00196171432253677	0.00148796658218171
cpagomiscuentas_lag1	0.000987610158716868	0.00198569536674414	0.00219327184284889
mextraccion_autoservicio_rank	0.000974492411496773	0.00125304547353208	0.00212046613852195
cpagomiscuentas	0.000970670928825571	0.0026749023844819	0.00241168895582969
Visa_mconsumosdolares_rank	0.000946808837420789	0.00209838314629157	0.00142426159089565
matm_rank_delta1	0.00092577876138514	0.00138055819467594	0.00144246301697738
mextraccion_autoservicio_rank_lag1	0.000911482079896931	0.00141036491555354	0.00233433289498232
Master_mpagominimo_rank_delta1	0.000872105101332894	0.00203467156879154	0.00156077228650865
cextraccion_autoservicio_lag1	0.000850886946801595	0.00177874716934175	0.00146066444305911
Master_fultimo_cierre_delta1	0.000838223925173298	0.000370578175240582	0.00111483734750618
Visa_mpagado_rank_delta1	0.000823427185592404	0.00414959614723656	0.00123769697355788
thomebanking_lag1	0.000811514013386164	0.000339107889254588	0.000805413104116708
Visa_mconsumosdolares_rank_delta1	0.000796539956246753	0.0026986176382495	0.00146066444305911
ctransferencias_emitidas_delta1	0.000787166597300499	0.00149134899431595	0.00116489126923094
cextraccion_autoservicio	0.0007858826958413	0.00213555871809215	0.00130140196484395
Master_mconsumospesos_rank	0.000773426409748829	0.00143772756635521	0.00122859626051701
ctarjeta_visa	0.000773387491959387	0.000570209090105817	0.000614298130258506
mplazo_fijo_dolares_rank	0.000727407634234076	0.00349723590437317	0.000641600269381106
ccuenta_debitos_automaticos	0.000710898561228446	0.001120991438711	0.00116034091271051
Visa_status_lag1	0.000688032608296946	0.00128919239174157	0.000236618539062536
matm_rank	0.000679307069486175	0.00105200747842483	0.00144246301697738
Visa_mpagado_rank	0.000670431578415403	0.00141057138296299	0.000969225938852309
ccuenta_debitos_automaticos_lag1	0.00064926181134208	0.00162152020145578	0.00101472950405664
mtarjeta_master_consumo_rank_lag1	0.000634245682558156	0.00236050292508747	0.000910071304086675
thomebanking_delta1	0.000633022799427588	0.00121356483365798	0.000746258469351074
mplazo_fijo_dolares_rank_delta1	0.000628800057236162	0.00360469763513526	0.000618848486778939
Visa_Finiciomora_lag1	0.00060000103707116	0.00705217877115461	0.000586995991135906
mprestamos_prendarios_rank	0.000561895975313316	0.00398495283123013	0.000373129234675537
Master_mconsumototal_rank_delta1	0.000560349727423903	0.00085907308680562	0.000869118095402775
minversion2_rank	0.000554135944481165	0.00592059817153164	0.000568794565054172
cplazo_fijo	0.000545407051064273	0.00522329414175365	0.00037767959119597
Master_mconsumospesos_rank_delta1	0.000544770029483193	0.00060649753057718	0.000969225938852309
Master_mconsumototal_rank	0.000538195065370318	0.00112371894104289	0.000796312391075841
ccaja_ahorro_delta1	0.00053329519162038	0.0035568689266057	0.000232068182542102
Master_mconsumototal_rank_lag1	0.000533168678403415	0.0012400717594406	0.000809963460637141
catm_trx_lag1	0.000518827895253726	0.000686891093161964	0.000864567738882341
Visa_fultimo_cierre_delta1	0.00051618903151706	0.000279807735136631	0.000837265599759741
Visa_msaldodolares_rank_lag1	0.000486135163844999	0.00350959467515689	0.000850916669321041
Visa_mpagado_rank_lag1	0.000484743837985839	0.00123813038419349	0.00068710383458544
Master_cconsumos	0.000476736610078293	0.000812502375477822	0.000800862747596274
Master_status_delta1	0.000469756885557744	0.00110531348622109	0.000373129234675537
mtarjeta_master_consumo_rank_delta1	0.000464322832395835	0.00319953413321859	0.000937373443209275
Master_cconsumos_lag1	0.000455131764419596	0.000433097670016971	0.000832715243239308
ctarjeta_visa_delta1	0.000453110839114881	0.000195616335414746	4.09532086839004e-05
ccaja_ahorro_lag1	0.000446553953383179	0.000630174011122351	0.000546042782452005
tcallcenter_lag1	0.000430645811761339	0.000887340510752715	0.00039133066075727
tcallcenter_delta1	0.000428763428722308	0.000455766628377276	0.00036402852163467
cextraccion_autoservicio_delta1	0.000425132475807278	0.000925655239828314	0.000778110964994107
ctarjeta_master_transacciones_lag1	0.000424383457534854	0.000636064632940157	0.000445934939002471
Visa_msaldodolares_rank	0.000416315925863273	0.00437464620512912	0.000723506686748907
matm_other_rank_delta1	0.000409780795585574	0.00119227542655177	0.00070075490414674
ccajas_transacciones_delta1	0.000398921225713592	0.00056406818713722	0.00033672638251207
ctarjeta_visa_debitos_automaticos_delta1	0.000398425664264609	0.00104052129901191	0.000691654191105873
cpagomiscuentas_delta1	0.000390183842665201	0.00136475248441812	0.000759909538912374
ccallcenter_transacciones_lag1	0.00035970949001431	0.000736222070194614	0.00039133066075727
ccajas_depositos_delta1	0.00035849438999054	0.00545308752181229	0.000455035652043338
ccuenta_debitos_automaticos_delta1	0.000353717835594203	0.00194345194090573	0.000491438504206805
catm_trx	0.00035015401076446	0.000543498798771546	0.000646150625901539
matm_other_rank_lag1	0.000344839082908943	0.00126797180710517	0.000732607399789774
catm_trx_delta1	0.000340973195415916	0.000703861357155496	0.000632499556340239
mplazo_fijo_dolares_rank_lag1	0.000331630629636837	0.00112162964595221	0.000414082443359437
Master_cconsumos_delta1	0.000322640214672667	0.000542610504245655	0.000505089573768105
mttarjeta_master_debitos_automaticos_rank	0.000312160551512074	0.0024366384123849	0.000555143495492872
mttarjeta_master_debitos_automaticos_rank_lag1	0.000308007474428802	0.0011102551334199	0.000491438504206805
Visa_mpagosdolares_rank_lag1	0.000280086956190689	0.00130121092749846	0.000455035652043338
matm_other_rank	0.000274292681834954	0.000627954050272073	0.000623398843299373
cliente_edad_delta1	0.000273820431234259	0.00089391955113478	0.00033672638251207
cpayroll_trx_delta1	0.000271281470851702	0.0014151764785911	0.00114668984314921
active_quarter	0.000266661287061328	7.56494649542581e-05	0.000200215686899069
tcuentas_lag1	0.000266615647576645	0.00106001666911625	0.000227517826021669
minversion1_pesos_rank	0.000263646756101795	0.00358173671441005	0.000250269608623836
Master_mpagado_rank	0.000255643124420952	0.00138220644436148	0.000382229947716404
cprestamos_personales_delta1	0.000254569757227596	0.00100064749866237	0.00032307531295077
Visa_mpagosdolares_rank_delta1	0.000251470845396029	0.00118161705543775	0.000577895278095039
Visa_Finiciomora	0.000249849961780225	0.00331119151437993	0.000450485295522904
Visa_msaldodolares_rank_delta1	0.000237114621610269	0.00126100212650711	0.000468686721604638
catm_trx_other_lag1	0.000236962754255493	0.00169419866824128	0.000418632799879871
Master_status_lag1	0.00023598934283237	0.00069054450004551	0.000100107843449534
catm_trx_other_delta1	0.000234773815391241	0.000689001325792763	0.000341276739032503
Master_Fvencimiento_delta1	0.000226686889265653	9.26656752163702e-05	0.000332176025991636
ctarjeta_master_transacciones_delta1	0.000225012904739272	0.000730848489297924	0.000327625669471203
ccajas_consultas_lag1	0.000224731185476056	0.00173245969640381	0.00032307531295077
cdescubierto_preacordado_lag1	0.000223522116061224	0.000349260075949767	0.000282122104266869
mcaja_ahorro_adicional_rank	0.000222675748465495	0.00243368253577289	0.00035037745207337
ctarjeta_debito_delta1	0.000212602145156142	0.00419120660021878	0.000268471034705569
tcuentas	0.00020618095403635	0.00154560804791956	0.000222967469501235
active_quarter_lag1	0.000202515497672988	0.000112295200670321	0.000204766043419502
cseguro_accidentes_personales	0.000201338235832828	0.000389056717586673	0.000254819965144269
ccajas_extracciones	0.000198328455526476	0.00138860014874032	0.000263920678185136
mttarjeta_master_debitos_automaticos_rank_delta1	0.000193718966446499	0.00233642475395792	0.000486888147686371
cseguro_accidentes_personales_lag1	0.000189627988818195	0.00042550296507333	0.000250269608623836
cseguro_vivienda_lag1	0.000185660330182112	0.00113828216338792	0.000273021391226003
ccajas_extracciones_lag1	0.000184090492435085	0.00234290724901613	0.000304873886869036
Master_mpagado_rank_delta1	0.00018182678737165	0.000450944984301888	0.000218417112980802
mprestamos_hipotecarios_rank_lag1	0.000177617860538135	0.00395318709328922	0.000218417112980802
mtarjeta_visa_descuentos_rank_delta1	0.000177235382843224	0.00202209973915057	0.000368578878155103
Visa_Fvencimiento_delta1	0.00017458183533114	0.00072601366232691	0.000300323530348603
ctarjeta_visa_descuentos_delta1	0.000171555595106694	0.00180628294258158	0.000282122104266869
mtarjeta_visa_descuentos_rank	0.000169711661450755	0.00169295404780125	0.00035037745207337
cseguro_vida	0.000164585532946123	0.000293563892856758	0.000236618539062536
mprestamos_hipotecarios_rank	0.000163510196573717	0.00238781769095944	0.000172913547776468
minversion2_rank_lag1	0.000156628583012036	0.00118738631706935	0.000168363191256035
mprestamos_prendarios_rank_lag1	0.000155397595109356	0.00163811882411232	0.000168363191256035
Master_mconsumosdolares_rank_lag1	0.000152694886012705	0.00163266769677076	0.00029577317382817
cseguro_vivienda	0.000143624591147153	0.000513336527444256	0.000191114973858202
Visa_mpagosdolares_rank	0.000143006087474747	0.00035681523220653	0.00030942424338947
cprestamos_prendarios	0.000140648968577788	0.000958788509324367	0.000104658199969968
Visa_fechaalta_delta1	0.000140425612766261	5.85136393009468e-05	0.000204766043419502
minversion1_pesos_rank_lag1	0.000139607377971754	0.00182776427713882	0.000145611408653868
Master_fechaalta_delta1	0.00013768000274545	8.78432556765341e-05	0.000227517826021669
internet_delta1	0.000135376889405799	0.00071905445049891	0.000213866756460369
catm_trx_other	0.000134074396985151	0.000799691896652784	0.000236618539062536
Master_mpagado_rank_lag1	0.000133831843790644	0.000635370398392532	0.000232068182542102
cmobile_app_trx_delta1	0.000132636027655237	0.000521938754572763	0.000213866756460369
ctarjeta_master_debitos_automaticos	0.000113736374885103	0.00199479544204866	0.000195665330378635
Master_msaldodolares_rank	0.000112573199538886	0.000777589802804418	0.000136510695613001
mcheques_emitidos_rank	0.00010725421222707	0.00121910436394668	0.000163812834735602
ccheques_emitidos	0.000106984735366697	0.00141899292687496	0.000118309269531268
mtarjeta_visa_descuentos_rank_lag1	0.000104445830163921	0.00108034992855732	0.000254819965144269
mcaja_ahorro_adicional_rank_lag1	0.000104028568329462	0.00104908998730302	0.000195665330378635
cseguro_auto	0.000103610706671138	0.00126106067407298	0.000122859626051701
Master_Finiciomora_lag1	0.000100370744089509	0.0016737903826148	0.000150161765174301
mcheques_depositados_rank_lag1	9.95032093719615e-05	0.00117472433968622	0.000222967469501235
Master_Finiciomora	9.88872937392338e-05	0.00191221855930879	0.000154712121694735
active_quarter_delta1	9.75485076571838e-05	0.00112527568592349	0.000191114973858202
mcheques_depositados_rank_delta1	9.3526177347771e-05	0.000940311905639397	0.000163812834735602
ccajas_extracciones_delta1	9.04411129673553e-05	0.00237813058906732	0.000218417112980802
cprestamos_prendarios_lag1	8.92911423990303e-05	0.00122549787445941	8.64567738882342e-05
ccajas_depositos_lag1	8.7504468713643e-05	0.000847270517897672	0.000127409982572135
ccajas_otras_delta1	8.28676058299092e-05	0.000937290308415361	0.000136510695613001
cseguro_vida_lag1	8.28217990444755e-05	0.00026179718558528	0.000154712121694735
ctarjeta_master_debitos_automaticos_lag1	8.27119666889488e-05	0.000692576992365335	0.000177463904296902
ctarjeta_master_debitos_automaticos_delta1	7.95096429280769e-05	0.000388763785891208	0.000172913547776468
minversion1_pesos_rank_delta1	7.87122459988115e-05	0.00144169406700989	0.000131960339092568
mcaja_ahorro_adicional_rank_delta1	7.80319392458636e-05	0.0007188916029647	0.000127409982572135
ccajas_transacciones_lag1	7.47890906924106e-05	0.00042704187427161	0.000386780304236837
mforex_sell_rank_delta1	7.24902923363283e-05	0.00103674653194216	0.000227517826021669
cinversion2	6.94060625269398e-05	0.000822511876714457	6.82553478065007e-05
cseguro_auto_lag1	6.9134073578864e-05	0.000844993948142645	0.000113758913010834
ccajas_otras_lag1	6.83454124465337e-05	0.00134587244535376	0.000100107843449534
ctarjeta_master_delta1	6.60592127746437e-05	0.000433191113483029	7.73560608473674e-05
cplazo_fijo_lag1	6.18420011154782e-05	0.000262200427098561	7.2805704326934e-05
mtarjeta_master_descuentos_rank	5.82515331574129e-05	0.000665081931009063	0.000145611408653868
Master_mconsumosdolares_rank	4.85701658221269e-05	0.000213454150260168	0.000163812834735602
ccajas_otras	4.82042411616819e-05	0.000882465553496485	9.55574869291009e-05
minversion2_rank_delta1	4.53814310764359e-05	0.000399663326448743	7.2805704326934e-05
Master_msaldodolares_rank_delta1	4.53544966923758e-05	0.000380827876590175	8.64567738882342e-05
ccheques_depositados_lag1	4.48360393653293e-05	0.000534129831169469	7.73560608473674e-05
Master_msaldodolares_rank_lag1	4.44449798594717e-05	0.000467064563795287	7.73560608473674e-05
mtarjeta_master_descuentos_rank_delta1	4.23438427562619e-05	9.8836433566239e-05	8.64567738882342e-05
Visa_delinquency_lag1	4.09649264314576e-05	0.000675265136282188	0.000159262478215168
ccajeros_propios_descuentos_lag1	4.02771913001839e-05	0.000467940257023888	7.2805704326934e-05
mforex_sell_rank_lag1	3.98683126336973e-05	0.00026825331485224	0.000109208556490401
Master_mpagosdolares_rank	3.92792053694502e-05	0.000203894612269843	0.000127409982572135
Visa_delinquency	3.78609153671514e-05	0.000465600486916299	0.000154712121694735
Master_delinquency_lag1	3.75662798738664e-05	0.000127107928701689	0.000131960339092568
ccajas_depositos	3.65365095673783e-05	0.000506489757961306	6.82553478065007e-05
Master_mconsumosdolares_rank_delta1	3.5557958644706e-05	0.00115255962708363	0.000118309269531268
mforex_sell_rank	3.52928663060322e-05	0.00123144801317365	0.000100107843449534
Master_mpagosdolares_rank_lag1	3.19221792386235e-05	1.69617338845968e-05	9.55574869291009e-05
mcheques_emitidos_rank_lag1	2.88651172866561e-05	0.000343780838021953	6.82553478065007e-05
ctarjeta_visa_descuentos_lag1	2.84201742693244e-05	0.000398462519750059	9.10071304086675e-05
mcajeros_propios_descuentos_rank_delta1	2.6298337463912e-05	0.000246159557246696	7.2805704326934e-05
ccheques_depositados_delta1	2.52359869919368e-05	0.000650735644843539	6.37049912860673e-05
ctarjeta_visa_descuentos	2.51037799747226e-05	0.000186926286937433	5.91546347656339e-05
Master_delinquency	2.3105632951161e-05	0.000381588607214268	0.000122859626051701
cforex_sell_delta1	2.2185871451372e-05	0.000242860343750056	5.91546347656339e-05
mcajeros_propios_descuentos_rank_lag1	2.06524808635478e-05	9.2446606509636e-05	2.73021391226003e-05
mcajeros_propios_descuentos_rank	2.05756919695478e-05	5.01773964783154e-05	2.27517826021669e-05
cinversion2_lag1	1.90462396854651e-05	0.00173289802768339	9.10071304086675e-05
mcheques_depositados_rank	1.81191712524772e-05	0.000152422577894562	5.91546347656339e-05
cforex	1.7759613345697e-05	2.76047895757512e-05	1.82014260817335e-05
ccajeros_propios_descuentos_delta1	1.76507783034541e-05	0.000208655963984351	3.6402852163467e-05
ccajeros_propios_descuentos	1.73713730714345e-05	7.09582927723503e-05	2.73021391226003e-05
cinversion1_lag1	1.69252100087834e-05	0.000179014998632644	3.6402852163467e-05
cforex_lag1	1.65528350772023e-05	4.1357069973635e-05	2.27517826021669e-05
ccheques_emitidos_delta1	1.57619170970703e-05	0.000471366452823989	3.18524956430336e-05
ccheques_emitidos_lag1	1.56958174332052e-05	4.80328495456655e-05	2.73021391226003e-05
cseguro_vida_delta1	1.5401177017716e-05	0.00132966465677933	6.82553478065007e-05
cforex_buy	1.50533170156709e-05	0.000110738455789723	1.82014260817335e-05
Master_mpagosdolares_rank_delta1	1.39435842794221e-05	0.000162917907608255	7.73560608473674e-05
mforex_buy_rank	1.35405716997167e-05	9.02516543878259e-05	1.36510695613001e-05
cforex_sell	1.30545480230826e-05	2.3493858667521e-05	1.82014260817335e-05
cforex_delta1	1.30066280869734e-05	0.000169372292080205	2.73021391226003e-05
ctarjeta_master_descuentos_delta1	1.19332994227573e-05	0.000115778974705733	4.55035652043338e-05
Visa_delinquency_delta1	1.13324745901063e-05	0.000237640304814192	4.09532086839004e-05
mtarjeta_master_descuentos_rank_lag1	1.10183605734345e-05	1.07832208902419e-05	2.27517826021669e-05
cplazo_fijo_delta1	1.00363636109377e-05	0.000140036665855141	5.00539217247671e-05
ccheques_depositados	9.2192074763829e-06	5.23341569760311e-06	9.10071304086675e-06
tcuentas_delta1	9.20890326596894e-06	0.000150057605192393	1.82014260817335e-05
mprestamos_prendarios_rank_delta1	8.90291923074295e-06	0.000471093295471964	2.73021391226003e-05
Master_cadelantosefectivo_delta1	8.87852858943815e-06	1.24132471612346e-06	9.10071304086675e-06
cinversion1	8.09351707025585e-06	0.000174881579255404	3.6402852163467e-05
Visa_Finiciomora_delta1	7.92085718629141e-06	7.45331838804741e-05	9.10071304086675e-06
ctarjeta_master_descuentos	7.64473332697676e-06	0.000121048061767972	2.73021391226003e-05
Visa_madelantopesos_rank_lag1	7.63962602389577e-06	4.61789079151347e-06	9.10071304086675e-06
Master_Finiciomora_delta1	6.91771492909045e-06	9.36846355018528e-05	9.10071304086675e-06
cpagodeservicios_lag1	6.01311812824656e-06	0.000133083076144394	1.36510695613001e-05
cprestamos_hipotecarios_lag1	5.51650647892486e-06	4.41198559379447e-05	4.55035652043338e-06
cseguro_vivienda_delta1	5.00112547801307e-06	2.86450751335708e-05	9.10071304086675e-06
mforex_buy_rank_delta1	4.20684553231881e-06	3.10893390756111e-05	4.55035652043338e-06
mpagodeservicios_rank_lag1	4.19488480392027e-06	9.2620116680014e-05	9.10071304086675e-06
ctarjeta_master_descuentos_lag1	3.74377558656047e-06	5.85281792593583e-06	4.55035652043338e-06
mcheques_depositados_rechazados_rank_lag1	3.42345254966581e-06	7.97142557277956e-05	9.10071304086675e-06
Master_cadelantosefectivo_lag1	2.18163617236826e-06	4.34550890393679e-06	2.73021391226003e-05
minversion1_dolares_rank_lag1	2.17062771936469e-06	9.89279383711758e-05	9.10071304086675e-06
Master_madelantopesos_rank	1.8991094166116e-06	1.73296917654655e-06	1.36510695613001e-05
Visa_cadelantosefectivo_lag1	1.89761528453104e-06	5.3679200062157e-05	4.55035652043338e-05
cforex_sell_lag1	1.53405896402946e-06	5.53923948952639e-05	9.10071304086675e-06
cprestamos_hipotecarios_delta1	1.3523184203544e-06	1.83141438829846e-05	4.55035652043338e-06
Visa_madelantopesos_rank_delta1	1.23387218462462e-06	4.52206277227564e-05	4.55035652043338e-06
mcheques_emitidos_rank_delta1	1.12322254021172e-06	5.21274957004747e-05	4.55035652043338e-06
mforex_buy_rank_lag1	1.07921218153987e-06	7.90760484865839e-06	4.55035652043338e-06
mpagodeservicios_rank_delta1	1.0097790073662e-06	1.80444761209781e-05	4.55035652043338e-06
Visa_madelantopesos_rank	8.66652693757952e-07	5.33849113039069e-06	2.73021391226003e-05
Master_delinquency_delta1	4.3375196212381e-07	1.14741597139595e-05	1.82014260817335e-05
cseguro_accidentes_personales_delta1	3.94287307739381e-07	1.54914532900192e-05	4.55035652043338e-06
cseguro_auto_delta1	1.6079667563392e-07	1.94754018947884e-05	4.55035652043338e-06
Master_cadelantosefectivo	9.15895414974059e-10	1.22197687813047e-05	4.55035652043338e-05
ctarjeta_visa_lag1	6.43957068729793e-10	7.90469685697607e-06	2.73021391226003e-05
Visa_cadelantosefectivo	5.95131626752139e-10	1.27734503976171e-05	5.91546347656339e-05
Visa_cadelantosefectivo_delta1	4.86825680356917e-10	2.60868179175837e-05	2.73021391226003e-05
Visa_madelantodolares_rank_lag1	4.30020567577911e-10	9.24935221087773e-07	9.10071304086675e-06
Master_madelantopesos_rank_delta1	2.64914845115595e-13	6.13586244968099e-07	4.55035652043338e-06
