Feature	Gain	Cover	Frequency
ctrx_quarter	0.115457157624845	0.0130914285398143	0.0144623685191624
ctrx_quarter_lag1	0.0421126117401989	0.00807672280959266	0.0123155288765641
mcuentas_saldo_rank	0.0318524303037024	0.0104846102146869	0.0131910205552042
cpayroll_trx	0.0248249494256974	0.00409003599870566	0.000477540915621871
mtarjeta_visa_consumo_rank	0.0182273863955516	0.00762637319606721	0.00582369524511673
mpayroll_rank	0.0177419361853325	0.00741448308146858	0.00148289021166792
mcaja_ahorro_rank	0.0168257349009823	0.00560770223085253	0.0114054783158724
numero_de_cliente	0.0133824324019046	0.0126908354466804	0.0194126665633391
mrentabilidad_annual_rank_lag1	0.0132342820235342	0.00947584160381262	0.013864395135785
mpasivos_margen_rank	0.0132154849719197	0.0104798961230687	0.0164563112896537
mrentabilidad_annual_rank_delta1	0.0124365264989011	0.0100011680526273	0.0167390657791666
ctrx_quarter_delta1	0.0105639368279063	0.00624804778216042	0.0117290751205372
cliente_edad	0.0102435942097958	0.00974993550111429	0.0150729087687403
mcuentas_saldo_rank_delta1	0.00945947992836209	0.00646847676285701	0.013470633328167
cliente_edad_lag1	0.0094279617205866	0.00984928807179031	0.0125522048566749
mrentabilidad_annual_rank	0.00905301107565821	0.0111044431874635	0.0113290298798189
Master_mlimitecompra_rank_delta1	0.00873549395522396	0.00668018775970197	0.013514617359869
mprestamos_personales_rank	0.00862140050582725	0.0126149316644726	0.00370617829031974
Visa_mfinanciacion_limite_rank_delta1	0.00828754345143549	0.00669718170292067	0.0139879693200907
mactivos_margen_rank	0.00816000720780973	0.0103384630890503	0.0101058549029628
mactivos_margen_rank_delta1	0.00815817935760732	0.00825336653066102	0.0130538322658479
Visa_mlimitecompra_rank_delta1	0.00802348564876131	0.00727651968042676	0.0135858296016722
mcomisiones_mantenimiento_rank	0.0079957814813647	0.00913493494470907	0.0101236579634137
Master_mfinanciacion_limite_rank_delta1	0.007888078100062	0.00604072157454614	0.0128370538238879
chomebanking_transacciones	0.00779847553083652	0.00434607312055271	0.0097948249644986
Visa_Fvencimiento_lag1	0.00735942887688101	0.00667197108814413	0.00960527473263992
cliente_antiguedad	0.00723976340213727	0.00664900253929277	0.0109007091901493
mcuenta_corriente_rank	0.00722784607060948	0.0088547002853898	0.0124506226882202
Master_Fvencimiento	0.00720800784519829	0.00616275930001786	0.00906699396371527
mcuenta_corriente_rank_lag1	0.0071450776180021	0.00893647239000662	0.0114180451820729
mrentabilidad_rank	0.00711136906598592	0.00700793988387	0.00850986289548975
mcuenta_corriente_rank_delta1	0.00709634961394225	0.00614006176920557	0.0110735036004072
mrentabilidad_rank_delta1	0.00702762993923006	0.00521910852202417	0.011003338597454
Visa_Fvencimiento	0.0069093093991142	0.00632408226513802	0.00962412503194078
cliente_antiguedad_lag1	0.00685011016732042	0.00676966920281799	0.0103006413290718
Master_fechaalta_lag1	0.0066730583488316	0.0040759322734704	0.00766474114350105
mpasivos_margen_rank_lag1	0.00648540487564243	0.00570321522600189	0.0116651935506843
mcomisiones_mantenimiento_rank_delta1	0.00638440769064466	0.0102684994603209	0.0121437817051562
mpasivos_margen_rank_delta1	0.00635977600212685	0.00422085902352468	0.0102995940902217
mactivos_margen_rank_lag1	0.00632019933615641	0.0087353772558824	0.00922303255237241
Master_fechaalta	0.00614076581172312	0.00477913753636082	0.00777260674505599
mcomisiones_mantenimiento_rank_lag1	0.0060402042601438	0.00774394552095691	0.00993829668695517
mrentabilidad_rank_lag1	0.00602497379462527	0.0066544785085271	0.00861772849704469
Master_Fvencimiento_lag1	0.00600883623604578	0.00560595712889099	0.00823548631677718
Visa_mpagominimo_rank	0.00580721225300561	0.00661258368543365	0.00591585226392095
chomebanking_transacciones_delta1	0.00578769743458358	0.00294035071801887	0.00776213435655551
Visa_fechaalta_lag1	0.00577097163980156	0.00396495168260839	0.00707095671552385
mcuentas_saldo_rank_lag1	0.00566249952556535	0.00497809069977515	0.009563385178638
Visa_fechaalta	0.00562020881313594	0.00368871815600538	0.00725003455888205
chomebanking_transacciones_lag1	0.00549363745399262	0.00299430513306617	0.00878842842960251
cproductos	0.00548494331656739	0.00941547524146518	0.00545506716989984
Master_mfinanciacion_limite_rank	0.00540236055424976	0.00695591202994647	0.00652220355809872
Visa_mpagominimo_rank_lag1	0.00532872595128592	0.00401396430405653	0.00487594408582332
mcaja_ahorro_rank_delta1	0.00531652076962363	0.00337512921212529	0.00817265198577431
mcaja_ahorro_rank_lag1	0.0052911800237546	0.00379117108608175	0.00969114831834385
mcomisiones_rank_delta1	0.00522077822935611	0.00419637441264051	0.00772966995220402
cdescubierto_preacordado	0.0050740959758405	0.00685751299790035	0.00155829140887137
Visa_msaldopesos_rank	0.00495583223138341	0.00271686711901028	0.00502255752483003
ctarjeta_visa_transacciones	0.00480429983757013	0.00428272555977551	0.00448218227820528
mtransferencias_recibidas_rank	0.0047734780672649	0.00352005989240105	0.00572734927091231
mprestamos_personales_rank_delta1	0.00470494059743976	0.0145322943139025	0.00390934262722905
Visa_mfinanciacion_limite_rank	0.00469623719965718	0.00615623153661648	0.00711703522492596
Visa_mpagospesos_rank_delta1	0.00457585461098814	0.00261208950473578	0.00663111639850371
Visa_mfinanciacion_limite_rank_lag1	0.00451542433678003	0.00439032306615538	0.00597345040067358
mcomisiones_otras_rank_delta1	0.0044762981755278	0.00394927319288324	0.00716101925662797
Visa_mlimitecompra_rank_lag1	0.00443503426529076	0.00348841073861304	0.00616404787138231
Master_mlimitecompra_rank_lag1	0.00441687799242681	0.00443580007707902	0.00570431001621126
mcaja_ahorro_dolares_rank_delta1	0.00441043667993605	0.00460842878422332	0.00486861341387298
Visa_mlimitecompra_rank	0.00439259936004912	0.00456536141717929	0.00659760475530217
Master_mlimitecompra_rank	0.00437236537007697	0.00327590056885868	0.00606037122522757
cproductos_delta1	0.00435263144848924	0.00435649431187728	0.00107341982129916
Visa_mpagospesos_rank_lag1	0.00419125983468641	0.00307455256261161	0.00628029138373764
Master_mfinanciacion_limite_rank_lag1	0.00414957118360431	0.00397972613777002	0.00585720688831826
mprestamos_personales_rank_lag1	0.00404201856244656	0.00894791025437007	0.00337210909715444
mcomisiones_rank_lag1	0.00397808586575893	0.00279007485290035	0.00590014368117023
Visa_msaldototal_rank	0.00393598082822682	0.00266797800686288	0.00441201727525207
mtransferencias_recibidas_rank_delta1	0.00383472266187606	0.00321573339348102	0.00570326277736121
foto_mes	0.00380847752050413	0.00444630739878935	0.0035480452239625
Visa_status_delta1	0.00378237467641967	0.00307844691037387	0.000407375912668658
mtransferencias_recibidas_rank_lag1	0.00373852782503026	0.00226306919605037	0.00551894873975277
mcomisiones_otras_rank_lag1	0.00368470280222057	0.0021565116931731	0.00522467462288929
Visa_mconsumospesos_rank_lag1	0.00363533704987266	0.00190210762016436	0.00516498200843656
ccomisiones_otras	0.0036048205643423	0.00286478309518076	0.00547915366345095
mcomisiones_rank	0.00349581479762076	0.00305621741040536	0.00527180037114145
mttarjeta_visa_debitos_automaticos_rank_delta1	0.00346457147923947	0.00193665025318343	0.00363077709311629
mcaja_ahorro_dolares_rank_lag1	0.00338882291390297	0.00375698794289604	0.00430938786794737
Visa_mpagominimo_rank_delta1	0.00330425487538938	0.00196985836695367	0.00468639385396464
mcaja_ahorro_dolares_rank	0.00326173278934251	0.00453052928571798	0.0040350112892348
ccomisiones_otras_lag1	0.00323963565855414	0.00251445209944062	0.0053733825395961
Visa_mconsumospesos_rank	0.00320510125379678	0.00165871611138124	0.00479111773896943
mtransferencias_emitidas_rank_delta1	0.00317433366226441	0.00151609790653047	0.00326738521214965
mcomisiones_otras_rank	0.00315237492303155	0.003529463072739	0.00456177243080893
cprestamos_personales	0.00309007467258824	0.0125260842413419	0.00317522819334543
Visa_cconsumos_lag1	0.00302449465027192	0.00144876418132735	0.00369465866296922
Visa_mconsumospesos_rank_delta1	0.00298974075069302	0.00116723447221757	0.00446647369545456
Master_fultimo_cierre	0.00288507919633244	0.00186642079096244	0.00401720822878399
cdescubierto_preacordado_delta1	0.0028718858585332	0.004880523954845	0.000912145038391776
Visa_mpagospesos_rank	0.00278931076421103	0.00272798780613763	0.00474922818496752
cproductos_lag1	0.00278697194952726	0.00566345961410111	0.00470419691441545
ccomisiones_mantenimiento_delta1	0.0026572321220639	0.00335144143274199	0.000895389216791009
mcuenta_debitos_automaticos_rank	0.00264765799242284	0.00215852396657395	0.00205991881804434
Master_fultimo_cierre_lag1	0.00262140168208839	0.00174403511545661	0.00358888753911437
Visa_msaldototal_rank_delta1	0.00260542484891075	0.00158875967412092	0.00360145440531495
Visa_status	0.00259239243059248	0.00841301798094534	0.00122526945455612
Visa_msaldopesos_rank_delta1	0.00256537354345618	0.0018768129655454	0.00353443111891188
thomebanking	0.00249280388943715	0.00305256280615374	0.00190073851283705
ccallcenter_transacciones_delta1	0.00245292285589315	0.00586930897827571	0.00166825148812641
Visa_fultimo_cierre	0.00244709538820393	0.00276700068979928	0.00383813038542579
Visa_cconsumos_delta1	0.00243875158074981	0.00172264133109515	0.00267988421727274
ctarjeta_visa_transacciones_lag1	0.00239248534435275	0.00170691726752511	0.00331765267695195
Visa_cconsumos	0.00226840015208594	0.00119762888189073	0.00340143178495579
Visa_fultimo_cierre_lag1	0.00221052553048589	0.00180089404780383	0.0035501397016626
mtarjeta_visa_consumo_rank_delta1	0.00219848849043648	0.00134572706981904	0.00318884229839605
mtransferencias_emitidas_rank	0.00217270657417843	0.00213860986879112	0.00287885959878185
mautoservicio_rank_delta1	0.00210377503661765	0.00110038600393537	0.00285058414983056
ctarjeta_visa_transacciones_delta1	0.00208295370714167	0.0016833288307615	0.00224423285565279
ctarjeta_debito_transacciones_delta1	0.00205679248891667	0.00188593693291438	0.00232172853055634
ctransferencias_recibidas	0.00205083995128274	0.0017845430720959	0.00303070923203881
cpayroll_trx_lag1	0.00193331968661665	0.000959738428862056	0.000528855619274222
cprestamos_personales_lag1	0.00192876689556539	0.0127382853451683	0.00315847237174466
mttarjeta_visa_debitos_automaticos_rank_lag1	0.00192073521303194	0.00108176068431303	0.00267150630647236
internet_lag1	0.00189736841681883	0.00726627426198652	0.00246101129761271
mtransferencias_emitidas_rank_lag1	0.0018916230021138	0.0012100656914855	0.0026746480230225
mpagomiscuentas_rank_delta1	0.00188960038702979	0.00130415703353945	0.00207039120654482
tcallcenter	0.00188373835176446	0.0012405360296929	0.000505816364573166
mautoservicio_rank	0.00185446630906599	0.00119956773540935	0.00247776711921348
mpayroll_rank_lag1	0.00185431861082778	0.00175110692185774	0.00175936126808058
Visa_mconsumototal_rank_delta1	0.00180001991767357	0.000980269320552995	0.00236885427880849
mttarjeta_visa_debitos_automaticos_rank	0.00179652458368062	0.0008898748117262	0.00244844443141214
Visa_msaldototal_rank_lag1	0.00179522084464803	0.00188045853864977	0.00286210377718108
mcuenta_debitos_automaticos_rank_delta1	0.00178907015369356	0.0019428982182637	0.00241074383281041
ctransferencias_recibidas_lag1	0.00177657497977838	0.00128699810464007	0.00266312839567197
Visa_msaldopesos_rank_lag1	0.00176187010321037	0.00269993338343987	0.0026987345165736
ccallcenter_transacciones	0.00174769463902195	0.00167055360401026	0.000944609442743263
mpagomiscuentas_rank	0.00172883754202619	0.0018526917747161	0.0014671816289172
ccomisiones_otras_delta1	0.00171921121288556	0.00163647214485279	0.00244006652061176
Master_status	0.00168428122346973	0.00444973772955106	0.000779145704435685
ccajas_transacciones	0.00165184175215264	0.00311831231761105	0.000533044574674413
mcuenta_debitos_automaticos_rank_lag1	0.00163351395270323	0.00113710422360131	0.00206515501229458
ctarjeta_debito_transacciones_lag1	0.00163182821962804	0.000944322093272195	0.00229659479815518
ctarjeta_debito_lag1	0.00162208972437604	0.0041624529218597	0.00236990151765854
ctarjeta_debito	0.00161810731979796	0.0029136879282141	0.00237932666730897
mpayroll_rank_delta1	0.00161626299820296	0.00165075482059826	0.00166825148812641
ccaja_ahorro	0.00160423660817912	0.00209772812300199	0.00114986825735266
ctransferencias_emitidas_delta1	0.00160093351900787	0.00265212081749272	0.00179810910553235
ctarjeta_debito_transacciones	0.00160034628128536	0.00100559591867424	0.00233429539675691
internet	0.00159483879571898	0.00537601099143335	0.00161065335137377
mtarjeta_visa_consumo_rank_lag1	0.00154905783559991	0.0014198855828218	0.00245263338681233
mautoservicio_rank_lag1	0.0015464864393595	0.000685611919084228	0.0022358549448524
ctransferencias_recibidas_delta1	0.00154536413247294	0.000960166237651898	0.00230183099240542
cmobile_app_trx	0.0015432886643853	0.00106962324052506	0.00217197337499948
ccomisiones_mantenimiento	0.00150767262920697	0.00721226582729922	0.000979168324794846
cmobile_app_trx_lag1	0.00146673086103902	0.00139888640942188	0.00217720956924972
ccajas_transacciones_delta1	0.00140919903086069	0.00547291076941515	0.000606351294177771
mpagomiscuentas_rank_lag1	0.00138694268665689	0.00154021265848628	0.00155514969232123
active_quarter_lag1	0.00135717069284605	0.00244378094722198	0.00214788688144837
Master_mpagospesos_rank_lag1	0.0013543808158134	0.00180316228733168	0.00162112573987425
mtarjeta_master_consumo_rank	0.00135034149738131	0.000958599584470175	0.000749823016634342
Master_msaldototal_rank	0.00134904653756148	0.00193755320066442	0.00134779640001173
ctarjeta_visa_debitos_automaticos_lag1	0.00132437934409395	0.000967194560751477	0.0015174490937195
Master_mpagominimo_rank	0.0013057149446516	0.00107004795531076	0.00121374982720559
Master_msaldopesos_rank	0.00129117036040377	0.00292783095566422	0.00122526945455612
thomebanking_delta1	0.00127404372258265	0.00265867324930555	0.00147765401741768
mextraccion_autoservicio_rank_delta1	0.00125944595111443	0.00066292283406705	0.00146299267351701
ctransferencias_emitidas	0.0012156416284538	0.000946816780455026	0.00171014104212832
matm_rank_delta1	0.00119650746658397	0.000844191924094074	0.00140853625331451
Visa_mconsumosdolares_rank_lag1	0.00119321552432274	0.000767717339931763	0.00142110311951509
Master_mpagospesos_rank	0.00115368008484828	0.00129064367774444	0.00147241782316744
Master_mconsumospesos_rank	0.00113802953592695	0.000653957246261787	0.000902719888741345
Master_status_delta1	0.00111815660628909	0.00445690938030228	0.000343494342815732
Visa_mconsumosdolares_rank_delta1	0.00108358521310862	0.000978792477113315	0.00143995341881595
cpagomiscuentas_lag1	0.00107895206848312	0.000770721450716572	0.00123783632075669
ctarjeta_master_transacciones	0.00107516611074027	0.000881218457092328	0.000544564202024941
thomebanking_lag1	0.00106623221950154	0.000950271194276054	0.00151116566061921
ctransferencias_emitidas_lag1	0.00106585065933967	0.000644063708077151	0.00154677178152084
Master_mpagospesos_rank_delta1	0.00104250451731291	0.00101813993133168	0.00141900864181499
ccaja_seguridad	0.000991539673955037	0.0045233376493724	0.000306840983064053
ctarjeta_visa_debitos_automaticos	0.00098537333618855	0.000533148342167465	0.00127553691935842
Master_mpagominimo_rank_lag1	0.000972653035645308	0.00139160245468224	0.00116452960125334
Visa_mpagado_rank_delta1	0.000960658048332478	0.000990704058598433	0.00135303259426197
Visa_mconsumosdolares_rank	0.00095798326055518	0.00080295854891455	0.00116976579550358
Master_msaldototal_rank_delta1	0.000950860059361942	0.000652310483459137	0.00121270258835554
cprestamos_personales_delta1	0.000936585544326513	0.00622956395051157	0.00092052294919216
tcuentas_lag1	0.000923233095582749	0.00298891036053531	0.000200022620359161
Master_msaldopesos_rank_delta1	0.000919393508328387	0.000861189128560395	0.00119071057250453
Visa_Finiciomora	0.000914629476332255	0.00613056476528236	0.000845121751988707
Visa_mconsumototal_rank_lag1	0.000909257364810583	0.000603659776874648	0.00127344244165832
Master_mpagominimo_rank_delta1	0.000893435441722575	0.000914657617712899	0.00123783632075669
ccaja_seguridad_lag1	0.000888708982063272	0.000703287379432958	0.000129857617405947
mextraccion_autoservicio_rank_lag1	0.000882652303541739	0.000599976323124891	0.00115615169045295
mextraccion_autoservicio_rank	0.000863653826628756	0.000706804676797763	0.0010283885507471
Master_msaldopesos_rank_lag1	0.000835904548191965	0.00227236157759111	0.000943562203893215
Visa_mpagado_rank	0.00082192864813495	0.000617462129381486	0.000976026608244702
ccajas_consultas	0.000811151844912916	0.0104155964452311	0.000862924812439522
internet_delta1	0.000779720849509526	0.00605770615213067	0.00172375514717895
ctarjeta_visa_debitos_automaticos_delta1	0.000769044863246216	0.000630881159860835	0.000751917494334438
active_quarter	0.000768107574569472	0.00251940568370424	0.00233220091905682
Master_msaldototal_rank_lag1	0.000765923231525485	0.000795211497013428	0.000963459742044127
matm_rank_lag1	0.000761686001720426	0.000507319595535077	0.0010022075794959
Visa_mconsumototal_rank	0.000746759933130444	0.000368932065059701	0.00110797870335075
cdescubierto_preacordado_lag1	0.000741510950342989	0.00165492093899519	0.00111635661415113
Visa_msaldodolares_rank_lag1	0.000738168678898865	0.00255632283947475	0.000646146370479594
ccallcenter_transacciones_lag1	0.000730852544614765	0.00146157268952863	0.000603209577627627
ccuenta_debitos_automaticos_lag1	0.000729796139703327	0.00101646055605287	0.000904814366441441
Visa_Finiciomora_lag1	0.000720550310292315	0.0109812739763125	0.00108493944864969
matm_rank	0.000718105626967694	0.00049098174843934	0.000818940780737507
ccuenta_debitos_automaticos	0.00070674994870913	0.000846398116295483	0.000776003987885541
mplazo_fijo_dolares_rank	0.00070013816618768	0.00221718737231366	0.000430415167369713
Master_cconsumos_lag1	0.000671780568333885	0.000299302003426196	0.000640910176229354
Master_mconsumospesos_rank_lag1	0.000669765316812918	0.000422814816281181	0.00086397205128957
mttarjeta_master_debitos_automaticos_rank_lag1	0.000664497840062259	0.000862451649496485	0.000478588154471919
ccajas_consultas_delta1	0.00066387628884323	0.00782238170374943	0.00100011310179581
tcallcenter_delta1	0.000662097256752503	0.000569821573340644	0.000434604122769905
catm_trx_delta1	0.000654624459935113	0.00112773867304354	0.000771815032485349
ccomisiones_mantenimiento_lag1	0.000649936431994705	0.00135472242696151	0.000850357946238946
cpagomiscuentas	0.000638513668247416	0.000615968477973323	0.000917381232642016
matm_other_rank_delta1	0.000634904453121398	0.000760288301484075	0.000751917494334438
cpagomiscuentas_delta1	0.00063430596012545	0.00116084836403315	0.000897483694491105
Master_mconsumospesos_rank_delta1	0.000617671667631532	0.000466392861253197	0.000831507646938083
mtarjeta_master_consumo_rank_delta1	0.000603017495485464	0.000710490973686468	0.000675469058280936
Visa_msaldodolares_rank	0.000576616386055722	0.00236249518660862	0.000612634727278059
cextraccion_autoservicio_lag1	0.000564482219646823	0.000358972800192341	0.000778098465585637
Master_cconsumos	0.000561382561084582	0.000302832596646667	0.000533044574674413
Visa_mpagado_rank_lag1	0.000552281854094911	0.000625255005992701	0.000785429137535973
cextraccion_autoservicio_delta1	0.000552142330002581	0.000511391137751147	0.000712122418032615
ccaja_ahorro_lag1	0.000550377620324614	0.00167295037014287	0.000844074513138659
mttarjeta_master_debitos_automaticos_rank	0.000530060268312977	0.000960055187989484	0.000424131734269425
mplazo_fijo_dolares_rank_delta1	0.000516162680193287	0.00123519042674148	0.000559225545925613
ccuenta_debitos_automaticos_delta1	0.000514372970770487	0.00189558086022378	0.000501627409172975
catm_trx	0.000504010513212326	0.000544549747455001	0.000531997335824365
minversion2_rank	0.000497921022692444	0.00360876005765869	0.000357108447866356
matm_other_rank	0.000481720446221362	0.000388045651985388	0.000490107781822447
ccaja_ahorro_delta1	0.0004692638285827	0.00469836981238801	0.000286943444913142
mcaja_ahorro_adicional_rank	0.000468848806388643	0.00303633960445497	0.000536186291224557
cextraccion_autoservicio	0.000467594500022974	0.000320504461260846	0.000654524281279977
ccajas_consultas_lag1	0.000451487849526767	0.0106063872912145	0.000735161672733671
cliente_edad_delta1	0.000450493793299116	0.00138199222693154	0.000675469058280936
catm_trx_lag1	0.000449491110895206	0.000330319729502697	0.000582264800626668
minversion2_rank_lag1	0.000439448351079403	0.00490179749115333	0.00033930538741554
mttarjeta_master_debitos_automaticos_rank_delta1	0.00042462492768075	0.000612077140593475	0.000536186291224557
cmobile_app_trx_delta1	0.000421370356164679	0.00127558975874863	0.000852452423939042
Master_cconsumos_delta1	0.000419386676948532	0.000772023608354457	0.000502674648023023
Master_mpagado_rank_delta1	0.000417295650445649	0.000653114422807366	0.00040632867381861
Visa_Finiciomora_delta1	0.000399629013872876	0.00251537227299875	0.000254479040561655
mtarjeta_master_consumo_rank_lag1	0.000396648158053789	0.000347479829106354	0.000431462406219761
ccajas_otras_delta1	0.000395677480742481	0.0100475869787598	0.000728878239633383
matm_other_rank_lag1	0.000394052420707316	0.00124180841799357	0.000486966065272303
Master_mpagado_rank	0.000388962462230442	0.000957909287058106	0.000286943444913142
Visa_msaldodolares_rank_delta1	0.000379093917221473	0.000958526833561817	0.000506863603423214
cplazo_fijo	0.000363894607328477	0.00184279965810094	0.000156038588657147
Master_mconsumototal_rank_delta1	0.000355112973292759	0.000309047698385571	0.000460785094021104
Master_Finiciomora	0.000352421121991856	0.00238417403746042	0.000279612772962806
mcaja_ahorro_adicional_rank_lag1	0.000351016915883587	0.00139574515899373	0.000371769791767027
mprestamos_prendarios_rank	0.000343363765200574	0.0039788161660634	0.00023667598011084
tcuentas	0.000338072420578265	0.000678239659793753	0.000161274782907386
Master_status_lag1	0.000334880227528997	0.00374038894512582	0.000348730537065972
mcaja_ahorro_adicional_rank_delta1	0.000334128526269787	0.00278851037388371	0.000449265466670576
cseguro_accidentes_personales	0.000326904312635764	0.000323976101159026	0.000439840317020145
Visa_status_lag1	0.000305801892165441	0.00165155800735088	0.000257620757111799
Master_mconsumototal_rank	0.000303418900928877	0.000294012176171187	0.000291132400313334
ctarjeta_master_transacciones_lag1	0.000292978594145958	0.000163351628380835	0.000330927476615156
Visa_mpagosdolares_rank_delta1	0.000280546607419154	0.000710725616271358	0.00050895808112331
Master_mconsumototal_rank_lag1	0.000276742110990606	0.000185011580720807	0.000341399865115636
cseguro_accidentes_personales_lag1	0.000256182526415427	0.000317901902041484	0.000342447103965684
active_quarter_delta1	0.000254186631014465	0.00285524662179922	0.000732019956183527
ccajas_otras	0.000248701897105662	0.00373767508537884	0.000432509645069809
ccajas_transacciones_lag1	0.000241948923232602	0.000174754873346513	0.000247148368611319
ctarjeta_master_delta1	0.000234525898544442	0.000229035998507556	6.91177641031656e-05
minversion1_pesos_rank	0.000234147028611053	0.00246526546116455	0.00018536127645849
cseguro_auto	0.000226191262006668	0.00190384243665264	0.00012357418430566
cpayroll_trx_delta1	0.00022408065466349	0.000501548859689297	0.000424131734269425
mtarjeta_visa_descuentos_rank	0.000218168227540945	0.000956242455039356	0.000168605454857722
mprestamos_prendarios_rank_lag1	0.000216130775484681	0.00168497057626012	0.000109960079255036
mplazo_fijo_dolares_rank_lag1	0.000215683523556158	0.000402100291262936	0.000322549565814773
catm_trx_other_delta1	0.000215218968266712	0.000918547951631943	0.000316266132714485
Visa_mpagosdolares_rank_lag1	0.000211825122197585	0.000541708280942328	0.000407375912668658
cseguro_vivienda_lag1	0.000211201763631473	0.000188931182246661	0.000264951429062135
cprestamos_prendarios_lag1	0.000210410065943219	0.00479646513029717	0.000251337324011511
Master_Fvencimiento_delta1	0.000208434816407493	0.000138870864096425	0.000351872253616116
mcheques_depositados_rank_delta1	0.000204888459347936	0.0010475938473654	0.000215731203109881
mtarjeta_visa_descuentos_rank_delta1	0.000203193367893806	0.000302665520422643	0.000260762473661943
Visa_Fvencimiento_delta1	0.000201295757244171	0.00040517104856954	0.00039062009106789
Visa_mpagosdolares_rank	0.000201197291906087	0.000221996720960857	0.000302652027663862
cseguro_vivienda	0.00019399933525733	0.000293427074900169	0.00024191217436108
tcallcenter_lag1	0.000189597860178085	0.000121393001904535	0.00022620359161036
Master_fultimo_cierre_delta1	0.000179713047947893	0.000138567233581195	0.000369675314066931
ctarjeta_master_transacciones_delta1	0.000176791077412453	0.000210322959686511	0.000270187623312375
cseguro_vida_lag1	0.000174401454686805	0.000705865855593002	0.000223061875060216
ccajas_otras_lag1	0.000173765976141406	0.00270037666225046	0.000313124416164341
Visa_delinquency_delta1	0.000173413855614501	0.000335101638346936	0.000184314037608442
Master_Finiciomora_lag1	0.000172233403221432	0.00931816580060976	0.000483824348722159
Master_mpagado_rank_lag1	0.000171906783514703	0.000303675420101088	0.000239817696660984
cseguro_vida	0.000166924680949148	0.000406125674281979	0.000218872919660024
Master_msaldodolares_rank	0.000164297091933383	0.00100795028858785	0.000171747171407866
ctarjeta_visa_descuentos_delta1	0.00016212459881713	0.00054950333171862	0.000175936126808058
ctarjeta_master_debitos_automaticos_lag1	0.000158086521901039	0.000126896566310998	0.000149755155556859
mprestamos_hipotecarios_rank_lag1	0.000156242493359481	0.00219906436844593	0.000104723885004796
minversion1_pesos_rank_delta1	0.000152548398341058	0.00379441870335522	0.000292179639163382
ccheques_emitidos	0.000150341938972597	0.000930978656840153	9.32042576542688e-05
Visa_fultimo_cierre_delta1	0.000149301134826399	0.000660912316722606	0.00029846307226367
ctarjeta_master_descuentos_delta1	0.000146976767089891	0.000244945953191717	9.84404519045086e-05
ctarjeta_visa	0.000146184894484888	0.000218448149067631	0.000366533597516787
mcheques_depositados_rank_lag1	0.000143349808737068	0.000240142553561906	0.000127763139705852
minversion1_pesos_rank_lag1	0.000139082088294531	0.00108515112750774	0.000116243512355324
ctarjeta_master_debitos_automaticos	0.000137081251674325	0.000120638315757481	0.000111007318105084
catm_trx_other_lag1	0.00013597287187345	0.000249831720229268	0.000203164336909305
catm_trx_other	0.000131311000378717	0.00013214784394675	0.00015918030520729
mtarjeta_visa_descuentos_rank_lag1	0.000130719140652685	0.000239143190221913	0.000172794410257914
cprestamos_prendarios	0.000127350966685969	0.00193229439707263	0.000138235528206331
mcheques_emitidos_rank_delta1	0.000118907099199903	0.00114254314840758	9.32042576542688e-05
ccajas_extracciones_lag1	0.000118646516628604	0.000656672694821706	0.000130904856255995
mtarjeta_master_descuentos_rank_delta1	0.00011703270638971	0.000261772067590794	9.94876907545565e-05
mforex_buy_rank_delta1	0.00011559000349145	0.00170466516699187	0.000140330005906427
Master_mpagosdolares_rank	0.000108110338913762	5.29148296533747e-05	9.21570188042208e-05
Master_msaldodolares_rank_delta1	0.000105123492472228	0.000124260892885072	0.000139282767056379
ctarjeta_master_descuentos_lag1	0.000103007057713955	6.35545245682226e-05	4.92202259522543e-05
Master_msaldodolares_rank_lag1	0.000102883342535619	0.00185696334011929	0.00018536127645849
Master_delinquency	0.000101520322801811	0.000235589433781195	9.52987353543647e-05
cseguro_auto_lag1	9.94108454905761e-05	0.00133951765435803	0.000126715900855804
Visa_delinquency_lag1	9.87602387038791e-05	0.000348792439460957	0.000193739187258873
ccajas_extracciones_delta1	9.42953833652015e-05	9.8435992852436e-05	0.000108912840404988
mcheques_emitidos_rank_lag1	9.14423904538253e-05	0.000831643395863017	8.4826346853885e-05
mcajeros_propios_descuentos_rank_delta1	8.96696471346452e-05	0.000143752951777691	0.000104723885004796
ctarjeta_visa_descuentos_lag1	8.88502877795238e-05	0.000361374416385513	9.73932130544606e-05
Master_mconsumosdolares_rank_delta1	8.69774906091714e-05	5.48926508999243e-05	9.32042576542688e-05
Master_mconsumosdolares_rank	8.66905063796826e-05	8.10642466406694e-05	7.95901526036452e-05
mprestamos_prendarios_rank_delta1	8.37070042506885e-05	0.00481756607134705	0.000194786426108921
mforex_sell_rank_delta1	8.20275810945062e-05	0.000251685864931608	0.000136141050506235
mpagodeservicios_rank	7.94157099052585e-05	0.000117305153450384	3.97950763018226e-05
ccajas_extracciones	7.87994517402657e-05	0.000468354710748601	0.000124621423155708
cinversion2	7.60721663782473e-05	0.000909418381606806	6.59760475530217e-05
mpagodeservicios_rank_lag1	7.28725700588396e-05	0.000119173262982259	2.72282101012471e-05
cforex	7.18239345048477e-05	6.35400580082847e-05	5.8645375602686e-05
mcheques_emitidos_rank	7.04575634500861e-05	0.0010755400635397	6.38815698529258e-05
ctarjeta_debito_delta1	7.02527135809828e-05	0.00143154504477967	0.000147660677856763
Visa_delinquency	6.80537290412115e-05	0.000336528141502901	0.000200022620359161
cforex_sell_lag1	6.45254858092408e-05	0.000234803807592655	4.81729871022063e-05
mtarjeta_master_descuentos_rank	6.36903312822527e-05	0.000207975363133339	6.38815698529258e-05
ctarjeta_visa_delta1	6.16722119937786e-05	0.000591591822747426	0.000109960079255036
mforex_sell_rank	6.16532376066209e-05	0.000226533952612156	7.33067195033575e-05
Master_mpagosdolares_rank_delta1	6.07291571133271e-05	0.000256730429641542	8.5873585703933e-05
cplazo_fijo_delta1	5.96573455220885e-05	7.57077728638649e-05	7.85429137535973e-05
ccheques_depositados_lag1	5.65810179029767e-05	0.000361557464360682	5.7598136752638e-05
Master_mconsumosdolares_rank_lag1	5.57619727080207e-05	6.76214675889371e-05	5.44564202024941e-05
cpagodeservicios_delta1	5.40453755313495e-05	0.000578214937621886	6.38815698529258e-05
mtarjeta_master_descuentos_rank_lag1	5.15024271862965e-05	0.000101328552244428	6.70232864030697e-05
Visa_fechaalta_delta1	5.14372515142239e-05	2.59244098957933e-05	8.4826346853885e-05
ccajas_depositos_delta1	4.84941732929979e-05	0.000542889605174951	8.37791080038371e-05
ctarjeta_master_debitos_automaticos_delta1	4.8157785145593e-05	0.000128187602258295	8.4826346853885e-05
cpagodeservicios	4.77187107509517e-05	0.00047401983234466	7.22594806533095e-05
mcheques_depositados_rank	4.68023503214566e-05	0.000219341563670968	5.55036590525421e-05
cplazo_fijo_lag1	4.62822271919165e-05	0.000205785644413478	8.4826346853885e-05
minversion2_rank_delta1	4.57443732139639e-05	0.000788623275098551	0.00011310179580518
Master_delinquency_lag1	4.52598561111224e-05	0.000309506196351697	8.5873585703933e-05
cforex_sell_delta1	4.26669381245008e-05	0.000337195944668593	6.91177641031656e-05
mcheques_depositados_rechazados_rank_lag1	3.97081205361355e-05	0.000175361799890038	2.72282101012471e-05
mprestamos_hipotecarios_rank_delta1	3.85297124193661e-05	0.000263269063868307	4.08423151518706e-05
ctarjeta_master	3.84116503598978e-05	6.51631558602856e-05	0.000150802394406907
Master_fechaalta_delta1	3.83107640714225e-05	2.34595756719096e-05	0.000101582168454652
cforex_delta1	3.72281507069458e-05	0.000297499118846642	7.43539583534054e-05
mforex_buy_rank	3.68299973280544e-05	0.000217406389508629	4.39840317020145e-05
mforex_sell_rank_lag1	3.65395799560625e-05	9.76652513325033e-05	4.71257482521584e-05
cseguro_vivienda_delta1	3.53697343935658e-05	0.000968136643203855	7.74956749035493e-05
ccheques_emitidos_delta1	3.361604291537e-05	8.75040399781474e-05	2.61809712511991e-05
ctarjeta_visa_descuentos	3.1307521886608e-05	5.996940997735e-05	3.87478374517747e-05
ccheques_emitidos_lag1	3.07636725553536e-05	0.000299271230628178	3.87478374517747e-05
cforex_buy_delta1	3.02747952644618e-05	0.000209504971887012	3.87478374517747e-05
cinversion2_lag1	2.93233382368666e-05	0.000570517222543673	4.08423151518706e-05
Master_mpagosdolares_rank_lag1	2.92980806528709e-05	0.000120876554076922	5.23619425023982e-05
mcheques_depositados_rechazados_rank_delta1	2.86511376869e-05	5.530156117794e-05	3.14171655014389e-05
cforex_lag1	2.83030684099323e-05	8.52138915560582e-05	4.18895540019185e-05
mcajeros_propios_descuentos_rank	2.72316515723879e-05	2.78550684845104e-05	2.8275448951295e-05
ccheques_depositados_delta1	2.61194069274267e-05	0.000230805099906677	3.14171655014389e-05
mprestamos_hipotecarios_rank	2.60871303929506e-05	0.000392334945196132	2.30392547010552e-05
mcajeros_propios_descuentos_rank_lag1	2.51474762189231e-05	0.000190255666887457	3.35116432015348e-05
mpagodeservicios_rank_delta1	2.47926456698259e-05	0.000317743689721237	2.8275448951295e-05
cseguro_vida_delta1	2.44715423480495e-05	0.000737737275949311	5.02674648023023e-05
Master_delinquency_delta1	2.36065414759536e-05	0.000350257324992712	6.38815698529258e-05
mcheques_emitidos_rechazados_rank_lag1	2.33412504993469e-05	0.000649370845031046	3.14171655014389e-05
mcheques_emitidos_rechazados_rank_delta1	2.05539587242603e-05	0.00108816142630085	4.50312705520624e-05
cpagodeservicios_lag1	1.96270537808993e-05	0.000201805835239327	2.72282101012471e-05
Visa_madelantopesos_rank_delta1	1.9436081026617e-05	8.82020305897215e-05	2.09447770009593e-05
mplazo_fijo_pesos_rank	1.93930087053195e-05	0.000655113734839488	1.67558216007674e-05
Master_cadelantosefectivo	1.86150106353645e-05	8.98348285628369e-07	6.28343310028778e-06
cseguro_accidentes_personales_delta1	1.46942830969983e-05	0.000598952876725579	6.80705252531176e-05
cseguro_auto_delta1	1.38992338493073e-05	0.00190975976139768	5.96926144527339e-05
tcuentas_delta1	1.38919768696967e-05	0.000515003429405487	4.92202259522543e-05
ccajas_depositos	1.33091539750442e-05	0.000185285441898823	2.9322687801343e-05
cforex_sell	1.23943778995607e-05	4.68208121849345e-05	2.8275448951295e-05
cinversion1_lag1	1.20481526725216e-05	0.000114875942085076	2.19920158510072e-05
minversion1_dolares_rank	1.15814149584864e-05	0.000698800989795776	2.51337324011511e-05
cprestamos_hipotecarios_lag1	9.72769294321743e-06	0.000829050620386503	2.30392547010552e-05
ccajeros_propios_descuentos_delta1	9.59252979008486e-06	1.01573647546036e-05	1.36141050506235e-05
Visa_cadelantosefectivo_lag1	8.45056877922348e-06	2.31005039472063e-06	1.78030604508154e-05
mcheques_emitidos_rechazados_rank	7.62462554806759e-06	0.000890130025257591	2.61809712511991e-05
cforex_buy_lag1	7.34023749301374e-06	1.87992528285368e-05	1.04723885004796e-05
ccajeros_propios_descuentos_lag1	6.48474482097119e-06	8.87222413953525e-05	9.42514965043167e-06
ctarjeta_master_descuentos	6.34044856640624e-06	7.11218733635255e-05	2.09447770009593e-05
cinversion1	6.26313212869937e-06	9.22808478966278e-05	1.25668662005756e-05
minversion1_dolares_rank_delta1	6.22649700363323e-06	0.000592156102206741	2.72282101012471e-05
Master_Finiciomora_delta1	6.21982575020788e-06	5.14601459731372e-05	1.36141050506235e-05
cinversion1_delta1	5.90627880767314e-06	2.80422975463666e-05	1.98975381509113e-05
ccheques_depositados	5.84756249437461e-06	1.89509426535512e-05	9.42514965043167e-06
minversion1_dolares_rank_lag1	5.8091574601838e-06	0.000438744923803174	2.09447770009593e-05
mforex_buy_rank_lag1	5.44364902349621e-06	2.07970596694515e-05	1.25668662005756e-05
ctarjeta_master_lag1	4.50321000441398e-06	2.22034099875841e-05	1.78030604508154e-05
cprestamos_hipotecarios	4.38749823258959e-06	4.72447743750244e-05	4.18895540019185e-06
ccheques_depositados_rechazados_delta1	4.23581910417662e-06	6.27681457840795e-06	5.23619425023982e-06
Visa_cadelantosefectivo	4.19127604437282e-06	3.15088365187881e-05	1.88502993008633e-05
ccajeros_propios_descuentos	4.17679254010091e-06	3.33926669366077e-06	8.37791080038371e-06
Visa_cadelantosefectivo_delta1	3.40804137779971e-06	1.44119549458431e-05	1.15196273505276e-05
mplazo_fijo_pesos_rank_delta1	3.40415938079713e-06	5.95403468615016e-06	7.33067195033574e-06
ccajas_depositos_lag1	2.65720842794656e-06	0.000190628954306897	1.04723885004796e-05
ctarjeta_visa_lag1	2.3816627538547e-06	2.13135911187978e-05	3.56061209016308e-05
cpayroll2_trx_lag1	2.28673628058359e-06	3.2102383584914e-07	1.04723885004796e-06
ccheques_emitidos_rechazados_delta1	2.23425263125722e-06	2.92300606524883e-05	6.28343310028778e-06
Master_madelantopesos_rank_lag1	2.04964769064199e-06	1.51898879348779e-06	3.14171655014389e-06
ccheques_depositados_rechazados_lag1	1.97450847501098e-06	5.53960537370725e-06	3.14171655014389e-06
Master_cadelantosefectivo_lag1	1.92483876809849e-06	1.81099588772723e-06	6.28343310028778e-06
Visa_madelantopesos_rank_lag1	1.77379044338054e-06	2.30921417738317e-06	5.23619425023982e-06
mplazo_fijo_pesos_rank_lag1	1.64054694502811e-06	3.11231730827537e-06	2.09447770009593e-06
cforex_buy	1.19546272516308e-06	2.42145126841644e-05	4.18895540019185e-06
cprestamos_prendarios_delta1	1.08832297935131e-06	0.000119413173736375	7.33067195033574e-06
mpayroll2_rank_delta1	1.06858685975398e-06	8.09625626124348e-07	1.04723885004796e-06
mcuenta_corriente_adicional_rank_delta1	9.53841680250078e-07	0.000128616916239345	8.37791080038371e-06
ccheques_emitidos_rechazados_lag1	7.83778506974978e-07	2.32236787610135e-05	1.04723885004796e-06
mcuenta_corriente_adicional_rank_lag1	4.69552763500203e-07	9.72472262855093e-05	7.33067195033574e-06
ccheques_emitidos_rechazados	3.87290031053713e-07	4.56476828822183e-05	6.28343310028778e-06
mcheques_depositados_rechazados_rank	2.87842563260092e-07	3.15279022740821e-06	1.04723885004796e-06
cliente_vip	1.3152764026293e-07	4.09154453478243e-05	1.04723885004796e-06
Master_cadelantosefectivo_delta1	8.66272372757755e-08	3.19685888109211e-07	2.09447770009593e-06
Visa_madelantopesos_rank	4.25772778956174e-09	6.96569042100374e-08	1.04723885004796e-06
