Feature	Gain	Cover	Frequency
ctrx_quarter	0.13491302376594	0.0137332434492045	0.0142634080748483
mcuentas_saldo_rank	0.0307697224840471	0.00963005695892121	0.0128988544242222
cpayroll_trx	0.0259410407892121	0.0041363684337623	0.000499533454603719
ctrx_quarter_lag1	0.0235027798858407	0.00840381296378196	0.0124045571693523
mcaja_ahorro_rank	0.0184921467941426	0.00595476535590316	0.0113730258217954
mpayroll_rank	0.018111686302512	0.00737340372972234	0.00146194696567462
mtarjeta_visa_consumo_rank	0.0168043498918547	0.008391820671052	0.00564985951276114
mrentabilidad_annual_rank_delta1	0.0133533961287233	0.00992675852493133	0.0173988444754427
numero_de_cliente	0.013065087128311	0.0131528491169152	0.0189686571556335
mpasivos_margen_rank	0.0129080003963367	0.00949244993468946	0.0158950079118978
mrentabilidad_annual_rank_lag1	0.0116211452352456	0.00895989050349012	0.0130580348961295
ctrx_quarter_delta1	0.0104064236690707	0.00605245396805823	0.0118683703166121
cliente_edad	0.0101522659897906	0.00961348679190332	0.0150771135134796
mrentabilidad_annual_rank	0.00971580329106202	0.0111019885906743	0.0118578979171445
mcuentas_saldo_rank_delta1	0.00959280162432323	0.00650934829777846	0.0135450014713721
cliente_edad_lag1	0.00939952924285242	0.010305988243963	0.012770043910771
mactivos_margen_rank	0.00937942363251383	0.00889517637246955	0.0103393999943449
Master_mlimitecompra_rank_delta1	0.00892245130663892	0.00681441971191634	0.0135565211107865
Visa_mlimitecompra_rank_delta1	0.00859676225618478	0.0065173451648728	0.0137806304593927
Master_mfinanciacion_limite_rank_delta1	0.00847052510370483	0.0062106252480939	0.013467505715312
Visa_mfinanciacion_limite_rank_delta1	0.00833459069525192	0.00675073654258292	0.0137596856604576
mcuenta_corriente_rank	0.00829973831902938	0.00952631701357935	0.0127501463517826
mactivos_margen_rank_delta1	0.00821595357867582	0.00822923085248796	0.0130873576146387
mcomisiones_mantenimiento_rank	0.00786567014352089	0.00904454608551552	0.00999381081191466
Visa_Fvencimiento	0.00740714555704911	0.00638631301754545	0.00988280337755828
chomebanking_transacciones	0.00728446020571084	0.00479407411423799	0.0097916935021903
mprestamos_personales_rank	0.00727429897309645	0.0140100667303525	0.00366533981365412
mcuenta_corriente_rank_delta1	0.0072697284930824	0.00660768244117552	0.0108410279288421
cliente_antiguedad_lag1	0.00723523648836374	0.00706562761822043	0.010005330451329
Master_Fvencimiento	0.00710509270143785	0.00579566571738577	0.00910994029685063
Visa_Fvencimiento_lag1	0.00706805245440011	0.00622805500939313	0.00956967863347754
cliente_antiguedad	0.00704693236879276	0.00701643289044617	0.0107562014931547
mcuenta_corriente_rank_lag1	0.00689926393867637	0.00909434607193811	0.0113960651006241
Master_Fvencimiento_lag1	0.00683825390154153	0.00516980538146624	0.00881147691202451
mrentabilidad_rank_delta1	0.00683752654345565	0.00584946313471834	0.0108682561674579
mcomisiones_mantenimiento_rank_delta1	0.00671076953306073	0.0107861802691172	0.0121825423006396
mpasivos_margen_rank_delta1	0.00664916635187479	0.00449330459850243	0.0108274138095343
Visa_msaldopesos_rank	0.0064967677413779	0.00289238243939328	0.00486652403258592
mactivos_margen_rank_lag1	0.00635958841851613	0.00803549268931866	0.00920000293227185
Master_fechaalta	0.00628676900851617	0.00488347994059433	0.00764904057112278
Visa_mpagominimo_rank	0.00609733569966227	0.0065553800394413	0.00606456653167744
mrentabilidad_rank	0.00603517239724258	0.00696973397728872	0.00826377041986991
Master_fechaalta_lag1	0.00602183721517314	0.00382407953583648	0.0075506000161275
mpasivos_margen_rank_lag1	0.00593624410047379	0.00634844566694021	0.0113992068204643
Visa_fechaalta_lag1	0.00582377758936902	0.00382208328519791	0.00714427091678527
mcuentas_saldo_rank_lag1	0.00578578787418987	0.00564603707328635	0.0100817789674424
chomebanking_transacciones_delta1	0.00577279311255705	0.00290252628691658	0.00735581338603045
mcomisiones_mantenimiento_rank_lag1	0.0057298884888482	0.00754721840580307	0.00990584265638696
mrentabilidad_rank_lag1	0.00570646954314399	0.00561774908546834	0.00860935960230016
cproductos	0.00569881365422531	0.00950028420745337	0.00530322309038414
Visa_fechaalta	0.00562690086777339	0.00371908320254668	0.00749090733916227
chomebanking_transacciones_lag1	0.00557788323625561	0.00287299527964646	0.00858213136368444
mcaja_ahorro_rank_delta1	0.00540569353032006	0.00339321233063151	0.00790456711813181
Master_mfinanciacion_limite_rank	0.00520167706754098	0.00660530527195912	0.00655572206670709
ctarjeta_visa_transacciones	0.00519836424283691	0.00351964471275901	0.00448113973217886
cproductos_delta1	0.00519398845669915	0.00419296496346064	0.00108179886500135
mprestamos_personales_rank_delta1	0.00496918388372811	0.0149431331785334	0.00399312591698948
Visa_mpagominimo_rank_lag1	0.0049052278935111	0.00396185082546064	0.00507492478199082
Visa_mfinanciacion_limite_rank_lag1	0.00466389323302196	0.00451629181062094	0.00625411696204069
Visa_mfinanciacion_limite_rank	0.00465510909299434	0.00600700718164068	0.0068971222893503
mtransferencias_recibidas_rank	0.00463267695783947	0.00372629976725053	0.00590329157987666
Visa_mlimitecompra_rank	0.0046169658237575	0.00431380129323717	0.00669919393941298
mcomisiones_rank_delta1	0.00458457429442522	0.0040551242412113	0.00744273430161139
mcaja_ahorro_rank_lag1	0.00454719901322076	0.00436851553872381	0.00992364573548185
mcaja_ahorro_dolares_rank_delta1	0.00441595215397679	0.00518504270945071	0.00499847626587747
Master_mlimitecompra_rank_lag1	0.00441229032064592	0.00404659246717789	0.00577971726615917
cdescubierto_preacordado	0.00429224328233977	0.00738470729425817	0.0015980881587532
Master_mfinanciacion_limite_rank_lag1	0.00428466523739886	0.00457842231271776	0.00616405432661948
Visa_mpagospesos_rank_delta1	0.00419678958178149	0.0023338613893082	0.00655991102649412
mcomisiones_otras_rank_delta1	0.00418094689514819	0.00390651586400238	0.00688141369014893
Visa_mlimitecompra_rank_lag1	0.00413255216164198	0.00296075352244587	0.00554304103819179
Visa_mpagospesos_rank_lag1	0.00409001349306989	0.00313242464377469	0.006261447641668
Master_mlimitecompra_rank	0.00407298117098401	0.00339107796672048	0.00588234678094149
mprestamos_personales_rank_lag1	0.00398774473030282	0.00830338589881091	0.00332498683095767
mtransferencias_recibidas_rank_lag1	0.00390541466806861	0.00243365863101985	0.00554513551808531
foto_mes	0.00387917237972314	0.0040467716050219	0.0034297108256335
ccomisiones_otras	0.00381063381753628	0.00294367326375928	0.00564462331302735
mcomisiones_otras_rank_lag1	0.00367701497149796	0.00225760080489334	0.00525819177267353
mtransferencias_recibidas_rank_delta1	0.00361549601796219	0.00361793357037647	0.00568441843100417
mcomisiones_rank_lag1	0.00355073934927158	0.00247784769263987	0.00583417374339061
Visa_mconsumospesos_rank_lag1	0.00352298633958021	0.00167197429399879	0.00494716150848631
mcomisiones_rank	0.00351267366417808	0.00311930538684697	0.00526761693219436
mcaja_ahorro_dolares_rank_lag1	0.00346602280147219	0.00379810538398591	0.00425284142378554
Visa_mpagominimo_rank_delta1	0.00340026266885229	0.00211963324903989	0.0046937294413708
ccomisiones_otras_lag1	0.00338849065695891	0.00272356749719676	0.00557026927680751
cprestamos_personales	0.0033086018374577	0.012569740812868	0.00301081484693017
mcaja_ahorro_dolares_rank	0.00330399168502424	0.00484961946239925	0.00427273898277395
mttarjeta_visa_debitos_automaticos_rank_delta1	0.00323063844604848	0.00183437795625851	0.0037061821715777
mcomisiones_otras_rank	0.00318741439368324	0.00310742162959247	0.00450732073084781
Visa_status_delta1	0.00316486548870385	0.00304589688746256	0.00041156529907602
mtransferencias_emitidas_rank_delta1	0.00312247404219592	0.00148576601965416	0.00320245975718695
Visa_cconsumos_lag1	0.00311556716159211	0.00153470056307849	0.00393448047997101
Visa_mconsumospesos_rank_delta1	0.00308916611734326	0.0012211494284878	0.00459738336626903
ccomisiones_mantenimiento_delta1	0.00303417556269368	0.00341290103351221	0.000853500556608032
Visa_mconsumospesos_rank	0.00287972133999813	0.00163694682967157	0.0046811625620097
Visa_mpagospesos_rank	0.00282746002475284	0.00256032237167816	0.00465917052312777
cdescubierto_preacordado_delta1	0.00276157739715436	0.005308281023714	0.000906909793892706
Visa_fultimo_cierre	0.00276044300207205	0.00259545803726844	0.00377006380832996
cproductos_lag1	0.00273542916068002	0.00558568073769126	0.00470734356067865
thomebanking	0.00271785963871854	0.00331623636458399	0.00178240238938266
Visa_msaldototal_rank_delta1	0.00270563086583364	0.00158012270133187	0.00368628461258929
Visa_cconsumos_delta1	0.00270256236912422	0.00180213581803574	0.0028443036953956
Master_fultimo_cierre	0.00269899993015955	0.00174582119649305	0.00386222092364469
mcuenta_debitos_automaticos_rank	0.0026832336476384	0.00211223311817779	0.0020829602541023
Master_fultimo_cierre_lag1	0.0026544221024929	0.00169122927274317	0.00361507229620972
Visa_status	0.00262804589508736	0.00819916209747341	0.00122527073770724
ccallcenter_transacciones_delta1	0.00254481269169397	0.00613085643616303	0.00170490663332255
Visa_msaldototal_rank	0.00251483238627213	0.00303640918242481	0.00451674589036864
Visa_cconsumos	0.00249704307205454	0.00123629376187322	0.00334697886983959
Visa_msaldopesos_rank_delta1	0.0024510592525434	0.00180960546507612	0.00343808874520757
mtarjeta_visa_consumo_rank_delta1	0.00226612789735985	0.00132268106542612	0.00320036527729343
Visa_fultimo_cierre_lag1	0.00223019082442448	0.00180470281989281	0.00352396242084175
mtransferencias_emitidas_rank	0.00216294202786417	0.00212029039416263	0.00282335889646043
mautoservicio_rank_delta1	0.00213897665012755	0.00110548595461638	0.00288724053321269
ctarjeta_visa_transacciones_lag1	0.00213736961944346	0.00168733878979976	0.00317418427862447
mtarjeta_visa_consumo_rank_lag1	0.0020745798067833	0.00123585427257308	0.0024096991174909
ctransferencias_recibidas	0.00206094589710984	0.00185843406317106	0.00312601124107359
mttarjeta_visa_debitos_automaticos_rank	0.00198888336769363	0.000967447712841275	0.00272282386157164
ctarjeta_debito_transacciones_delta1	0.00198781572716465	0.00196793967365462	0.00224109348606281
cprestamos_personales_lag1	0.00197828764639148	0.0140514335353984	0.0032914751526614
tcallcenter	0.00195398526859907	0.00104741371008552	0.000498486214656961
mautoservicio_rank	0.00193205970089446	0.00118285503799416	0.00248719487355101
ctransferencias_recibidas_lag1	0.00189602775075989	0.00122822854834399	0.00283278405598126
internet_lag1	0.00184859117559548	0.00839802407087877	0.0024976672730186
mttarjeta_visa_debitos_automaticos_rank_lag1	0.00183325426408149	0.000943419596216853	0.00262019434678932
Visa_mconsumototal_rank_delta1	0.00178568502898508	0.000900045511523359	0.00237932915903491
ctarjeta_visa_transacciones_delta1	0.00176979325077545	0.0016159284627752	0.00208714921388933
ccomisiones_otras_delta1	0.00176161894345302	0.00188320237669851	0.00240865187754414
Master_mpagospesos_rank	0.00175821574867968	0.00108141071404418	0.00148289176460978
mpagomiscuentas_rank	0.00175787346420407	0.00170033438814113	0.00142529356753808
mtransferencias_emitidas_rank_lag1	0.00174844103769768	0.0011373414926506	0.00269769010284944
mpagomiscuentas_rank_delta1	0.00173978705368929	0.00118330538919715	0.00192482702214179
internet	0.00169357834957461	0.00534342521172037	0.00164521395635732
ctarjeta_debito_lag1	0.00168057684525483	0.00417476701497025	0.00240655739765062
mcuenta_debitos_automaticos_rank_delta1	0.00167443301505054	0.00200278925343431	0.0023594316000465
mpayroll_rank_delta1	0.00166704179659499	0.00164968734040204	0.00175936311055398
Visa_msaldopesos_rank_lag1	0.00166204851053598	0.00246966784425897	0.00282964233614098
mcuenta_debitos_automaticos_rank_lag1	0.0016525505719551	0.00140189065646615	0.00203897617633845
Visa_msaldototal_rank_lag1	0.00163523842576261	0.00187175802519105	0.00276261897954845
ccomisiones_mantenimiento	0.00162440826101731	0.00718809816305807	0.00096660247085793
mpayroll_rank_lag1	0.00162188564760729	0.00162494501188834	0.00168082011454711
cmobile_app_trx_lag1	0.0016172357244568	0.00146021698597072	0.00236257331988677
ctarjeta_debito_transacciones_lag1	0.00161700856714505	0.000884167080611139	0.00229554996329424
cprestamos_personales_delta1	0.00160840632952229	0.0066622965900497	0.000889106714797815
ctransferencias_emitidas_delta1	0.0015974330350236	0.00278869722133119	0.00189550430363256
cmobile_app_trx	0.00158368477445826	0.00105981248864155	0.00218873148872489
Master_status_delta1	0.00158192944337094	0.00395986176038857	0.00030579406445343
ctarjeta_debito	0.00157919015487336	0.00314545015412546	0.00244949423546771
mpagomiscuentas_rank_lag1	0.00154463307189012	0.00165630633334266	0.00178554410922294
ctransferencias_recibidas_delta1	0.00154010167682552	0.00101937813617925	0.0023594316000465
ccajas_transacciones_delta1	0.00153790488825063	0.0053682247741068	0.00053618685274026
mautoservicio_rank_lag1	0.0015328764869344	0.000804589939489106	0.00236780951962056
ccaja_ahorro	0.00150360122577988	0.00214974871023672	0.0011634835808485
ctarjeta_debito_transacciones	0.00143483419103879	0.000931934053031642	0.00227251068446556
Master_mpagospesos_rank_lag1	0.00141191952983983	0.00183673682734625	0.0016357887968365
Master_msaldopesos_rank	0.00139922520231378	0.00240481493154116	0.00119699525914476
Master_mpagominimo_rank	0.00139053182316281	0.00109445059552796	0.00129124685435301
ccallcenter_transacciones	0.0013798541050805	0.00168982825438106	0.000859783996288582
Master_msaldototal_rank	0.00136400386129778	0.00175722276881388	0.00141377392812373
ctarjeta_visa_debitos_automaticos_lag1	0.00134474822913299	0.000774221479508848	0.00142948252732511
Master_status	0.00131793706100996	0.0047107975761097	0.000792760639696049
mtarjeta_master_consumo_rank	0.00127346756460691	0.00107488454859643	0.000766579641027091
active_quarter_lag1	0.00126021746746441	0.00242359399183429	0.00213846397128049
ccajas_transacciones	0.00125219934063982	0.00268652966175726	0.00056132061146246
cpayroll_trx_lag1	0.00125142934950356	0.00066457867483692	0.000474399695881519
ctransferencias_emitidas	0.00121751724358985	0.000992891051854622	0.00169443423385496
Master_mpagospesos_rank_delta1	0.00119951435770467	0.00114885878601339	0.00152792308232039
Visa_mpagado_rank_delta1	0.00118937000712249	0.00105637010096746	0.0013467505715312
Visa_mconsumosdolares_rank_lag1	0.00118472307338497	0.000736425316143858	0.00145252180615379
thomebanking_lag1	0.0011540376919932	0.000824151474553302	0.00154677340136204
mextraccion_autoservicio_rank_delta1	0.00114183923196928	0.00070775657685423	0.0013844512096145
active_quarter	0.00113859932212435	0.00270087856964128	0.00247358075424315
Master_mpagominimo_rank_lag1	0.00112119742849019	0.00146929302489027	0.00119699525914476
ctransferencias_emitidas_lag1	0.00111918062317062	0.000680741269838449	0.00156667096035045
matm_rank_delta1	0.00107843750794883	0.000824070929365977	0.00131847509296873
ccaja_seguridad	0.00106271852284885	0.0040085790657558	0.000257621026902547
thomebanking_delta1	0.00104761182650922	0.00249430213861581	0.00147451384503572
cpagomiscuentas_lag1	0.00101034308981853	0.000644431516102634	0.0011634835808485
Visa_mconsumototal_rank	0.000999529325328072	0.00052076708103502	0.00129019961440625
Visa_mconsumosdolares_rank	0.000995428140349282	0.000800785766896845	0.0012336486572813
tcuentas_lag1	0.00097906790038048	0.00250527850921641	0.000194786630097048
Visa_mconsumototal_rank_lag1	0.000942483987408834	0.00052187900567499	0.00114253878191333
Master_msaldopesos_rank_delta1	0.000939867058390244	0.000833024897208052	0.00119280629935773
ccajas_consultas	0.000939609277982161	0.0115547919935669	0.000891201194691331
ctarjeta_master_transacciones	0.000927160116643572	0.000822025131739763	0.000531997892953227
Master_mconsumospesos_rank	0.000923621956756684	0.000680863090256625	0.000850358836767757
mextraccion_autoservicio_rank_lag1	0.00091005252801253	0.000604337558965191	0.00114672774170036
ctarjeta_visa_debitos_automaticos_delta1	0.000903486333545376	0.000599606531846992	0.000767626880973849
mextraccion_autoservicio_rank	0.000893262792912732	0.000779916876494386	0.00101477550840881
Master_msaldopesos_rank_lag1	0.000873225543600167	0.00300862109279743	0.000949846631709797
Visa_mconsumosdolares_rank_delta1	0.000866442229117336	0.000776701168377575	0.00128810513451274
matm_rank_lag1	0.000864369136344554	0.000456964430770194	0.00102210618803612
Visa_Finiciomora	0.000853861884680255	0.00535728725569718	0.000828366797885832
Master_mpagominimo_rank_delta1	0.000836081366453516	0.00110689232037682	0.00126611309563081
Master_msaldototal_rank_delta1	0.000835305950872326	0.000666399965286428	0.00117290874036932
ctarjeta_visa_debitos_automaticos	0.000818018105326083	0.000510343414183547	0.00119699525914476
Visa_mpagado_rank	0.00078884454303425	0.000702263044155601	0.000945657671922764
mplazo_fijo_dolares_rank	0.000783903073664699	0.0024744419847762	0.000503722414390752
ccaja_seguridad_lag1	0.000779719937121702	0.00111294724634686	0.000167558391481331
Master_msaldototal_rank_lag1	0.000776693574608566	0.0010017321394601	0.000935185272455181
cpagomiscuentas_delta1	0.000776523639778351	0.00146669560970521	0.0010378147872375
ccuenta_debitos_automaticos_lag1	0.000769159111771854	0.00102390780032913	0.000921571153147323
matm_rank	0.000764335321864771	0.000451981156846459	0.00084198091719369
mttarjeta_master_debitos_automaticos_rank_lag1	0.000755726640810645	0.000832256375804503	0.000531997892953227
cdescubierto_preacordado_lag1	0.00075370866232074	0.00151944694223973	0.00106504302585321
Visa_msaldodolares_rank_lag1	0.000747110780543179	0.00241466926757682	0.000653477726777192
Visa_Finiciomora_lag1	0.00072143764366193	0.0119464107989951	0.00113730258217954
cpagomiscuentas	0.000720570749066434	0.000725256940522018	0.000980216590165788
ccallcenter_transacciones_lag1	0.000688748570954427	0.00157908238169764	0.000600068489492518
ccuenta_debitos_automaticos	0.000678164953945862	0.000678027214527349	0.000735162442624341
Master_mconsumospesos_rank_lag1	0.000668653919321226	0.00046495870771847	0.000881776035170506
internet_delta1	0.000667508134245639	0.0051958848937745	0.00161589123784809
mtarjeta_master_consumo_rank_delta1	0.000659778191190839	0.000645475929838704	0.000659761166457742
matm_other_rank_delta1	0.000655494751895115	0.000741082398769544	0.000766579641027091
ccomisiones_mantenimiento_lag1	0.000641511086724345	0.00152590785271726	0.000863972956075615
cextraccion_autoservicio_delta1	0.000629944743318191	0.000592797622712606	0.000782288240228466
ccajas_consultas_delta1	0.000608896326479681	0.0078437760098238	0.00096660247085793
Master_mconsumospesos_rank_delta1	0.000598346883362521	0.00045356983546867	0.000810563718790941
matm_other_rank	0.000595336599592783	0.00043529217732195	0.000550848211994877
Visa_mpagado_rank_lag1	0.000594897321373064	0.000660486578265898	0.000838839197353415
catm_trx_delta1	0.000561115966102405	0.000811325154790275	0.000750871041825716
tcallcenter_delta1	0.000546265432232976	0.000587765052460529	0.000426226658330637
Master_cconsumos_lag1	0.00054566704732273	0.000244698200816815	0.000552942691888394
cextraccion_autoservicio_lag1	0.000539247732741385	0.000324894553954688	0.0007110759238489
Visa_msaldodolares_rank	0.000527880593986908	0.00233677630626903	0.000565509571249493
ccaja_ahorro_lag1	0.000526062677627947	0.00164312157078541	0.00082313059815204
cextraccion_autoservicio	0.000520799491896315	0.000317233570317868	0.000655572206670709
catm_trx	0.000504795397356037	0.000625233604124788	0.000563415091355977
mcaja_ahorro_adicional_rank	0.000496239710750575	0.00260855214471339	0.000508958614124544
cliente_edad_delta1	0.000494180765410952	0.00133736836336062	0.000654524966723951
ccajas_otras_delta1	0.000488225701740194	0.00954360874515922	0.000735162442624341
minversion2_rank_lag1	0.000478888462624882	0.00502709459974216	0.000330927823175629
ccajas_consultas_lag1	0.000478525064823962	0.00989773293035636	0.000725737283103517
mplazo_fijo_dolares_rank_delta1	0.000469734244123559	0.00133765737352967	0.000541423052474052
mttarjeta_master_debitos_automaticos_rank_delta1	0.000456302036703964	0.000597578948796335	0.000517336533698611
Master_mconsumototal_rank_delta1	0.000453449599812253	0.000425620655466645	0.000502675174443994
ccuenta_debitos_automaticos_delta1	0.000447303497229979	0.00221893719325572	0.000510005854071302
mttarjeta_master_debitos_automaticos_rank	0.000435533496399904	0.000951752263215615	0.000419943218650087
minversion2_rank	0.000424404285806055	0.00399915068341825	0.000364439501471896
ccaja_ahorro_delta1	0.000417353683884746	0.00481924866293222	0.000303699584559913
matm_other_rank_lag1	0.00041568265607267	0.00128054172842795	0.000489061055136136
mprestamos_prendarios_rank	0.000409490766435417	0.00388358496667252	0.000237723467914139
catm_trx_lag1	0.000402571785830105	0.000294084933612315	0.00055503717178191
cmobile_app_trx_delta1	0.000397631901143733	0.00127508094854409	0.000779146520388191
Master_Finiciomora	0.000393371867308517	0.00233993102062365	0.000319408183761288
Master_status_lag1	0.000367947974604299	0.00404626301730899	0.000387478780300579
cseguro_accidentes_personales	0.000367574938691284	0.00034243435468515	0.000434604577904703
Master_cconsumos	0.000357670317933952	0.000206890674230376	0.000506864134231028
mtarjeta_master_consumo_rank_lag1	0.000355106358481766	0.000296803250131459	0.000452407656999595
mcaja_ahorro_adicional_rank_delta1	0.000347728621783221	0.00275707989318189	0.000472305215988003
Master_mpagado_rank	0.000346925468710928	0.000895476493863898	0.000259715506796064
cplazo_fijo	0.000339044107511244	0.00163925130769193	0.000145566352599407
Master_mpagado_rank_delta1	0.000321011723141778	0.000583358796237697	0.000377006380832996
Visa_msaldodolares_rank_delta1	0.000311462079598508	0.00112795530462799	0.000513147573911577
Master_cconsumos_delta1	0.000310726967552524	0.000583587313963149	0.00046183281652042
Master_mconsumototal_rank_lag1	0.000306279546273225	0.000204539657133933	0.000327786103335355
Visa_Finiciomora_delta1	0.00029140567267702	0.00276658121737476	0.000247148627434964
mcaja_ahorro_adicional_rank_lag1	0.000289533572122788	0.00151387278080068	0.000352919862057554
ctarjeta_master_transacciones_lag1	0.000289006557987221	0.000204091144099115	0.000326738863388596
cseguro_accidentes_personales_lag1	0.000274468971172526	0.000270551200673998	0.000331975063122388
Visa_mpagosdolares_rank_delta1	0.00026951208945865	0.00072360275627028	0.000500580694550478
Visa_status_lag1	0.000266229117768939	0.00166925296956808	0.000224109348606281
active_quarter_delta1	0.000258141138385274	0.00263216316426818	0.0007110759238489
ccajas_transacciones_lag1	0.000252629261302902	0.000207566618800361	0.000203164549671114
ccajas_otras	0.000251310757578843	0.0042637826483548	0.000472305215988003
mprestamos_prendarios_rank_lag1	0.000236224802872811	0.00183705758769287	0.00013718843302534
Master_mconsumototal_rank	0.000234590877192929	0.000301126371020899	0.000329880583228871
minversion1_pesos_rank	0.000232724253945522	0.00205198523450505	0.000165463911587815
cseguro_vida_lag1	0.000231434484234879	0.000787743044607703	0.00024924310732848
Visa_mpagosdolares_rank	0.000231213749851014	0.000236488440426513	0.000316266463921013
Master_mpagado_rank_lag1	0.000228814138846956	0.000347632276519922	0.000250290347275239
Visa_mpagosdolares_rank_lag1	0.000217595914497118	0.000516841088024584	0.000404234619448712
cseguro_auto	0.000217245443303148	0.00164119241328524	0.000104723994675832
mtarjeta_visa_descuentos_rank	0.00021232798747329	0.000907064890913837	0.00017488907110864
cpayroll_trx_delta1	0.000208785084535579	0.000611873045847486	0.000416801498809812
mtarjeta_visa_descuentos_rank_delta1	0.000205780824979495	0.000289960418438926	0.000246101387488205
ccajas_otras_lag1	0.000204227000675226	0.00302645917809092	0.000338258502802938
tcuentas	0.000204092736262871	0.00110382299728926	0.000165463911587815
Master_Finiciomora_lag1	0.000197405986727006	0.00887772430249292	0.000492202774976411
mplazo_fijo_dolares_rank_lag1	0.000194314292059372	0.000251878169263351	0.000309983024240463
tcallcenter_lag1	0.000193734442673589	0.000188104177711443	0.00024295966764793
ctarjeta_master_transacciones_delta1	0.000188278542280919	0.00023831056640701	0.000277518585890955
mcheques_depositados_rank_delta1	0.000188200696560829	0.000954302053134307	0.000230392788286831
Master_Fvencimiento_delta1	0.000180993562318764	0.000160676369046464	0.000347683662323763
Visa_fultimo_cierre_delta1	0.000180981435707095	0.000499980573988062	0.000304746824506671
cseguro_vivienda	0.000179586393658276	0.000252785639470348	0.000212589709191939
cprestamos_prendarios_lag1	0.000177304194781499	0.00431775652983222	0.000237723467914139
Master_msaldodolares_rank_delta1	0.000176777085601447	0.000130732358808545	0.00014347187270589
ccheques_emitidos	0.000171760452929225	0.00101058542581802	8.58736756341823e-05
Visa_Fvencimiento_delta1	0.000170946199597936	0.000410686625231129	0.000397951179768162
minversion1_pesos_rank_delta1	0.000170928628755368	0.00351883207531925	0.000306841304400188
ctarjeta_visa_descuentos_delta1	0.00017039186624506	0.000481912467013347	0.00015603875206699
cseguro_vivienda_lag1	0.000169194031077605	0.00021955155885761	0.00024924310732848
catm_trx_other_delta1	0.000168708542935397	0.000581150738493448	0.000264951706529855
ctarjeta_master_debitos_automaticos_lag1	0.000166893389344882	0.000113580160903814	0.000148708072439682
Master_mconsumosdolares_rank	0.000160638042516837	5.02596120195577e-05	8.27319557939074e-05
mprestamos_hipotecarios_rank_lag1	0.000155345763790275	0.00195310799596524	0.000103676754729074
Master_fultimo_cierre_delta1	0.000153758888299943	8.44797863053429e-05	0.000323597143548321
Visa_delinquency_lag1	0.000148969392373669	0.000404529179608754	0.000244006907594689
mforex_buy_rank_delta1	0.000147941566067259	0.00153351728409207	0.000138235672972098
mtarjeta_visa_descuentos_rank_lag1	0.000144891671627112	0.00026267707308192	0.000194786630097048
cprestamos_prendarios	0.000143262375555325	0.00178011297578458	0.000169652871374848
minversion1_pesos_rank_lag1	0.000138113433773418	0.00118232171856397	0.000114149154196657
Master_delinquency	0.000134092248333069	0.000331207324787891	0.000128810513451274
catm_trx_other_lag1	0.000132630900629199	0.000196635366873157	0.000203164549671114
mcheques_depositados_rank_lag1	0.000132555935100661	0.000276021923376632	0.000121479833823965
ctarjeta_master_descuentos_delta1	0.000131796432187771	0.000215561062854834	9.52988351550072e-05
catm_trx_other	0.00013035388484687	0.000128722906780346	0.000188503190416498
Visa_delinquency_delta1	0.000128479399169783	0.000373420188513073	0.000171747351268365
Master_msaldodolares_rank_lag1	0.000126795722906893	0.00185455644740488	0.000176983551002156
mforex_sell_rank_delta1	0.00012678687692561	0.000272207975071801	0.000158133231960506
cseguro_vida	0.000123436821820593	0.000314701242996843	0.000190597670310014
mtarjeta_master_descuentos_rank_delta1	0.000122013744294324	0.000227504978340531	8.90153954744573e-05
ccajas_extracciones_lag1	0.000121267203128792	0.000410872948641643	0.00011833811398369
Master_msaldodolares_rank	0.000120192554628639	0.00097041718997567	0.000161274951800781
ctarjeta_master_debitos_automaticos	0.000120139911837038	0.000132057176744475	0.00011205467430314
ctarjeta_visa	0.000116032006951878	0.000174054222815235	0.000303699584559913
ctarjeta_visa_delta1	0.000113237914851306	0.000492295025740169	0.000101582274835557
Master_mpagosdolares_rank	0.000110579615924322	6.50455026107495e-05	9.94877949420405e-05
mcheques_emitidos_rank_delta1	0.000105193642748038	0.00115581834138506	9.00626354212156e-05
cseguro_auto_lag1	9.73037642001107e-05	0.00121526211003413	0.000128810513451274
mcheques_emitidos_rank	9.28159244498884e-05	0.00128545231115566	0.000107865714516107
ctarjeta_visa_descuentos_lag1	9.06760410863453e-05	0.000264039322806151	9.00626354212156e-05
Visa_delinquency	8.90421586033051e-05	0.000362244209559234	0.000159180471907265
mprestamos_prendarios_rank_delta1	8.62298976814219e-05	0.00453017290470429	0.000194786630097048
mcheques_emitidos_rank_lag1	8.29090033892127e-05	0.000821334983142968	9.42515952082489e-05
mcajeros_propios_descuentos_rank_delta1	8.14118929440988e-05	0.000144562569054683	0.000102629514782315
ctarjeta_master_delta1	8.02626900448301e-05	0.000261446586594632	6.38816367522576e-05
ctarjeta_master_descuentos_lag1	7.72153578696607e-05	6.84751066607069e-05	4.60785576573661e-05
mpagodeservicios_rank_lag1	7.71955393597541e-05	0.000185685816817298	3.66533981365412e-05
ccajas_extracciones_delta1	7.70851974391685e-05	0.00011139115326611	0.000104723994675832
Master_mpagosdolares_rank_delta1	7.6376267123762e-05	0.000230201320394668	9.32043552614906e-05
cinversion2	7.24594014417837e-05	0.00116809755545659	7.22595563263242e-05
mforex_sell_rank	7.06270677147962e-05	0.000343065681900329	9.84405549952822e-05
ccajas_extracciones	6.74856090902591e-05	0.000477757538511964	0.000123574313717482
Master_mconsumosdolares_rank_delta1	6.44696954698667e-05	3.05049857438369e-05	7.22595563263242e-05
mtarjeta_master_descuentos_rank	6.31213905583594e-05	0.000200183449217334	6.80705965392909e-05
ccheques_depositados_lag1	6.24732327357465e-05	0.00031521200309033	5.23619973379161e-05
cinversion2_lag1	6.22034758060658e-05	0.000734662262204273	4.71257976041245e-05
cplazo_fijo_delta1	5.96475810625554e-05	6.98980994878275e-05	7.64485161133574e-05
cpagodeservicios_delta1	5.58938233050237e-05	0.000702491478327954	7.22595563263242e-05
Master_fechaalta_delta1	5.50690037976933e-05	3.37697395296929e-05	9.52988351550072e-05
mpagodeservicios_rank	5.39509427698851e-05	9.40369239682737e-05	3.14171984027496e-05
ctarjeta_debito_delta1	5.32404933706e-05	0.00115597232974631	0.000134046713185065
Visa_fechaalta_delta1	5.1945173948854e-05	3.3727294555459e-05	0.000106818474569349
Master_mconsumosdolares_rank_lag1	5.10884335423844e-05	0.000127466268173107	7.95902359536324e-05
ccheques_emitidos_delta1	5.01537782807679e-05	7.06598530903676e-05	2.82754785624747e-05
cforex_delta1	4.96590260635509e-05	0.000394788225128275	8.27319557939074e-05
Master_mpagosdolares_rank_lag1	4.89752912437281e-05	8.85182417868797e-05	6.28343968054993e-05
mcheques_depositados_rechazados_rank_lag1	4.45757300095341e-05	9.13844472910514e-05	2.82754785624747e-05
mprestamos_hipotecarios_rank_delta1	4.36835734311039e-05	0.000373197686610741	4.29368378170912e-05
ccheques_emitidos_lag1	4.30070540794226e-05	0.000523028946974952	4.50313177106078e-05
cplazo_fijo_lag1	4.2569046007284e-05	0.00020873778258744	8.4826435687424e-05
cseguro_vivienda_delta1	4.16979849388231e-05	0.000940926455299205	7.64485161133574e-05
cforex_sell_lag1	4.1634919655925e-05	0.000168075831483773	3.87478780300579e-05
ctarjeta_master_debitos_automaticos_delta1	4.01989122860558e-05	0.000110767680042226	7.33067962730825e-05
cforex	3.75742268648298e-05	6.88501765216043e-05	4.08423579235745e-05
cforex_lag1	3.73912582042395e-05	0.000118711574471873	3.87478780300579e-05
mtarjeta_master_descuentos_rank_lag1	3.69864222847388e-05	3.95589666452786e-05	4.92202774976411e-05
cpagodeservicios	3.50956063645554e-05	0.000430725916914753	5.96926769652243e-05
minversion2_rank_delta1	3.44110860609933e-05	0.000598370113089683	9.42515952082489e-05
cforex_sell_delta1	3.43303053406629e-05	0.000232705657427566	5.34092372846744e-05
Master_delinquency_lag1	3.42519091866098e-05	0.000198494089110966	6.91178364860492e-05
cseguro_vida_delta1	3.32101233204926e-05	0.000689776117080246	4.60785576573661e-05
mcheques_depositados_rank	2.98322230871627e-05	0.000181950408425419	3.66533981365412e-05
mforex_sell_rank_lag1	2.97126943331659e-05	5.70681869415477e-05	4.39840777638495e-05
mcajeros_propios_descuentos_rank	2.69110341981133e-05	2.33442345100441e-05	2.40865187754414e-05
cpagodeservicios_lag1	2.60862626866775e-05	0.000292522240003857	3.77006380832996e-05
Master_delinquency_delta1	2.60538753562979e-05	0.000323780373381049	4.60785576573661e-05
ccajas_depositos_delta1	2.46649663147599e-05	0.000413472870419667	6.1787156858741e-05
mprestamos_hipotecarios_rank	2.40537189399692e-05	0.000125391895387074	1.25668793610999e-05
ctarjeta_master	2.35845684996092e-05	5.28387290759585e-05	0.000139282912918857
mcheques_depositados_rechazados_rank_delta1	2.34225532618932e-05	7.84032200826897e-05	2.6180998668958e-05
mcheques_emitidos_rechazados_rank_lag1	2.29134151007073e-05	0.00053472462620386	3.03699584559913e-05
Visa_madelantopesos_rank_delta1	2.2894339791444e-05	0.000157445287159459	2.9322718509233e-05
mcheques_emitidos_rechazados_rank_delta1	2.09058634669973e-05	0.000659018132552984	2.72282386157164e-05
mforex_buy_rank	2.04952050080937e-05	0.0001328125803115	3.03699584559913e-05
mcajeros_propios_descuentos_rank_lag1	2.03981062272852e-05	0.000114722582424877	3.14171984027496e-05
cforex_buy_delta1	1.86013643149857e-05	0.000170169337929451	3.14171984027496e-05
mpagodeservicios_rank_delta1	1.47440575121599e-05	0.000307795662927046	2.72282386157164e-05
cseguro_accidentes_personales_delta1	1.43835635001912e-05	0.000740526770661955	7.22595563263242e-05
ctarjeta_visa_descuentos	1.42726626931434e-05	3.69131742159671e-05	2.82754785624747e-05
mplazo_fijo_pesos_rank	1.42021385186537e-05	0.000490121224766462	1.25668793610999e-05
tcuentas_delta1	1.41484673673889e-05	0.000378628303825909	5.44564772314327e-05
cinversion1_lag1	1.30619874741281e-05	0.000129875855991869	3.2464438349508e-05
Master_Finiciomora_delta1	1.21978352783624e-05	0.000113919804250784	1.98975589884081e-05
ctarjeta_visa_lag1	1.12896595701588e-05	5.44653408050634e-05	4.60785576573661e-05
Master_cadelantosefectivo_lag1	1.06289904453427e-05	3.73465641398867e-06	9.42515952082489e-06
ccheques_depositados_rechazados_delta1	1.01125838858669e-05	2.13230850480014e-05	7.33067962730825e-06
ctarjeta_master_descuentos	9.79646127536839e-06	2.18951731160711e-05	1.36141193078582e-05
cseguro_auto_delta1	9.7308198193703e-06	0.00182346090835812	5.34092372846744e-05
ccheques_depositados_delta1	9.67044289921298e-06	1.93123797233193e-05	2.51337587221997e-05
cforex_buy	9.54476487690698e-06	3.50516111727959e-05	9.42515952082489e-06
cprestamos_hipotecarios_lag1	9.47683145253902e-06	0.000859597539905937	2.51337587221997e-05
ccajeros_propios_descuentos_delta1	8.72385201795583e-06	1.87837392666701e-05	1.15196394143415e-05
Visa_cadelantosefectivo_delta1	7.95200650838842e-06	2.25447984599066e-05	1.25668793610999e-05
mcheques_emitidos_rechazados_rank	7.86071869759348e-06	0.00130192196379559	3.77006380832996e-05
minversion1_dolares_rank_delta1	7.71838028173761e-06	0.000860849081774145	2.9322718509233e-05
minversion1_dolares_rank	7.38198298558428e-06	0.000680813376162788	2.82754785624747e-05
ccajas_depositos	6.75866409364789e-06	0.000165746955958534	2.6180998668958e-05
ccheques_emitidos_rechazados_lag1	6.71072038561069e-06	0.000131004240592319	7.33067962730825e-06
ccheques_depositados	6.54264187463335e-06	6.81595266062159e-05	1.57085992013748e-05
cinversion1_delta1	6.46326185444327e-06	2.3716797777975e-05	1.57085992013748e-05
cforex_sell	6.33458090288938e-06	4.14938057561725e-05	1.98975589884081e-05
cforex_buy_lag1	6.17257850606881e-06	1.48734542388239e-05	1.04723994675832e-05
ccajas_depositos_lag1	5.8281827241045e-06	0.000142673600595077	1.04723994675832e-05
Visa_cadelantosefectivo_lag1	5.74686396292438e-06	6.18434972021566e-06	1.46613592546165e-05
mplazo_fijo_pesos_rank_delta1	5.1678924570422e-06	1.35955931444675e-05	8.37791957406657e-06
ctarjeta_master_lag1	4.09850476741136e-06	2.6308865564703e-05	1.46613592546165e-05
cinversion1	3.72545492363379e-06	5.14213343064631e-05	1.78030790948915e-05
Master_cadelantosefectivo	3.55048560223762e-06	6.70262959260305e-07	8.37791957406657e-06
ccheques_depositados_rechazados_lag1	3.09483883474207e-06	6.43701429124572e-06	6.28343968054993e-06
minversion1_dolares_rank_lag1	3.02852278171721e-06	0.000292602033213293	1.15196394143415e-05
mforex_buy_rank_lag1	2.25102817638428e-06	1.14275573345839e-05	8.37791957406657e-06
Master_madelantopesos_rank_lag1	2.21542481489886e-06	4.26120804316574e-08	1.04723994675832e-06
Visa_cadelantosefectivo	1.70209242702225e-06	3.33876512084891e-05	1.67558391481331e-05
Visa_madelantopesos_rank	1.69143511587826e-06	2.15316335828198e-07	2.09447989351664e-06
cprestamos_hipotecarios	1.64003104389373e-06	8.13501378803849e-05	4.18895978703328e-06
mpayroll2_rank_delta1	1.37767548613396e-06	6.48706259747819e-06	3.14171984027496e-06
Visa_madelantopesos_rank_lag1	1.19789242970588e-06	6.825369094866e-06	5.23619973379161e-06
ccajeros_propios_descuentos	1.19049354977196e-06	2.24908231580265e-06	4.18895978703328e-06
cprestamos_prendarios_delta1	1.10477005088334e-06	1.7339858164828e-05	4.18895978703328e-06
ccajeros_propios_descuentos_lag1	1.03929543685067e-06	3.82815233164166e-06	6.28343968054993e-06
mcuenta_corriente_adicional_rank_lag1	9.72780614673508e-07	0.000148206319697084	9.42515952082489e-06
ccheques_emitidos_rechazados_delta1	7.10053299306535e-07	3.5842524806847e-05	4.18895978703328e-06
mcheques_depositados_rechazados_rank	7.03022706053209e-07	9.91691730673218e-07	1.04723994675832e-06
cinversion2_delta1	3.36934306959861e-07	2.51920948449981e-06	1.04723994675832e-06
mcuenta_corriente_adicional_rank_delta1	1.6315141922916e-07	2.32821545575721e-05	1.04723994675832e-06
ccheques_emitidos_rechazados	1.61197098687565e-07	3.47306001668774e-05	1.04723994675832e-06
cliente_vip	1.40355697523214e-07	2.9961472835586e-05	1.04723994675832e-06
cprestamos_hipotecarios_delta1	1.36040605347764e-07	2.65949513752873e-07	1.04723994675832e-06
Master_cadelantosefectivo_delta1	6.50019964574461e-08	7.47048257136174e-07	1.04723994675832e-06
cliente_vip_lag1	3.54435194542741e-08	7.18640203515069e-07	1.04723994675832e-06
