Feature	Gain	Cover	Frequency
ctrx_quarter	0.128914316614189	0.0189931144080871	0.0128764183466131
mcuentas_saldo_rank	0.06586561387843	0.0104881415525817	0.0133558594552636
cpayroll_trx	0.03182035528548	0.0088368198507685	0.00066208534051734
Visa_status_delta1	0.0202823044691685	0.00308511193204981	0.0010502043332344
mpayroll_rank	0.0165762343271481	0.0104481877444914	0.00182644231866852
mrentabilidad_annual_rank_lag1	0.0141324993701228	0.00760678445308619	0.0127166046437296
cproductos	0.0133821586968553	0.00524781361129992	0.00463459738362138
mpasivos_margen_rank	0.0130751403599401	0.00994720373910837	0.0120316887742289
numero_de_cliente	0.0125222026530824	0.0112323418055668	0.018698203237369
mcuenta_corriente_rank	0.0122979408394753	0.00770499742850973	0.0100454327526769
Visa_msaldopesos_rank	0.0120508003593555	0.00358927316832849	0.00497705531837173
mrentabilidad_annual_rank_delta1	0.0118332691718541	0.00742986374558036	0.0146571996073149
Master_Fvencimiento	0.0112058590843079	0.00621855742431169	0.00876692312960891
mprestamos_personales_rank_delta1	0.0108088646897383	0.0132065696816072	0.00392685098513733
mrentabilidad_annual_rank	0.0105746043240988	0.00860805274742328	0.00979429693385996
cliente_edad	0.0100266928752241	0.00772997730502157	0.0140407753247643
ctrx_quarter_delta1	0.00967442682546979	0.00735460924365183	0.012100180361179
mactivos_margen_rank	0.00965633631165299	0.00678682693896071	0.00999977169471017
mcuentas_saldo_rank_delta1	0.00910230193422477	0.0075164251466915	0.0142234195566311
Master_mlimitecompra_rank_delta1	0.00839251576125664	0.0062784531506258	0.0137896395059474
cprestamos_personales_delta1	0.00829803073748436	0.00489572278313168	0.000981712746284331
Visa_fechaalta_lag1	0.00829381433192979	0.00519067269448182	0.00773954932535787
mcomisiones_mantenimiento_rank	0.00821736952154302	0.00954086415536151	0.0101367548686103
Visa_mlimitecompra_rank_delta1	0.00796716040366169	0.00619073333009347	0.0132417068103468
Visa_mfinanciacion_limite_rank_delta1	0.00775875854788057	0.00573141873382282	0.0129449099335632
Master_mfinanciacion_limite_rank_delta1	0.00740280005793137	0.00556924649371288	0.0131732152233967
cliente_edad_lag1	0.00740199265284155	0.00929925725554592	0.0112097897308281
mprestamos_personales_rank_lag1	0.0068142055032774	0.00529895899493924	0.00301362982580306
Visa_Fvencimiento	0.00673130583136761	0.0064531360613303	0.0104792128033607
mactivos_margen_rank_delta1	0.00668570517395862	0.00514393422857342	0.0110499760279446
mtarjeta_visa_consumo_rank	0.00658239980192588	0.00782882002523113	0.00529668272413872
mrentabilidad_rank_delta1	0.00653716429740953	0.00470521980227815	0.0106618570352275
Visa_Fvencimiento_lag1	0.00644912004106634	0.00652245722709597	0.00922353370927604
mcuenta_corriente_rank_lag1	0.00633101684058226	0.00819941705717268	0.00974863587589324
mcaja_ahorro_rank	0.00629212513717286	0.00699363849569235	0.00922353370927604
Master_Fvencimiento_lag1	0.00628322203853659	0.00706248540921176	0.00947466952809297
mcomisiones_mantenimiento_rank_delta1	0.00628318258514913	0.00807305604473977	0.0094061779411429
Visa_fechaalta	0.00620145759394485	0.00645631977108181	0.00824182096299171
chomebanking_transacciones	0.00596151839713299	0.00435720676596502	0.00922353370927604
cliente_antiguedad_lag1	0.00582317677619713	0.00381598258706427	0.00780804091230794
mrentabilidad_rank	0.00571345391742234	0.00633660217740998	0.00821899043400836
mactivos_margen_rank_lag1	0.00567291183502557	0.00531060149885349	0.00789936302824136
Master_fechaalta	0.00564469979725126	0.00683671801611267	0.0073057692746741
mcuenta_corriente_rank_delta1	0.0054822262051751	0.00496144300083083	0.0097714664048766
cliente_antiguedad	0.00547542033338701	0.00457396984524106	0.00885824524554234
chomebanking_transacciones_lag1	0.00545996094402097	0.00345729369212572	0.00920070318029269
mcaja_ahorro_rank_delta1	0.00539400208039063	0.00370623336096198	0.00874409260062556
ctarjeta_visa_transacciones	0.00538788454407135	0.00567032830649492	0.0054108353690555
Visa_mpagominimo_rank_lag1	0.00536757741754203	0.00497939850185918	0.00659802287619004
Master_fechaalta_lag1	0.005359136459325	0.00510300340902492	0.00842446519485856
chomebanking_transacciones_delta1	0.00527854346673675	0.0036117042629595	0.00812766831807493
Visa_mpagominimo_rank	0.00523800750096534	0.00804450113558469	0.00666651446314011
mpasivos_margen_rank_delta1	0.00518740443712268	0.00366139708712327	0.00890390630350905
Master_mfinanciacion_limite_rank	0.00514326425635887	0.00449763726170355	0.0066208534051734
mrentabilidad_rank_lag1	0.00504423436869533	0.003735142015645	0.008196159905025
mpasivos_margen_rank_lag1	0.0049835980488647	0.00623854858183969	0.00990844957877674
ctrx_quarter_lag1	0.00493217557664596	0.0112159062441146	0.00926919476724276
mcomisiones_mantenimiento_rank_lag1	0.00481244510314336	0.00675556645961388	0.00851578731079199
thomebanking	0.00465553529827471	0.00159385425066166	0.00164379808680167
Visa_mpagospesos_rank_lag1	0.00453195872853398	0.00648051311449672	0.00726010821670738
mtransferencias_recibidas_rank	0.00439152891412647	0.00583657315537532	0.00655236181822333
Master_mfinanciacion_limite_rank_lag1	0.00435727518193959	0.00556076178412684	0.00623273441245634
Visa_mlimitecompra_rank_lag1	0.00429704698103207	0.00305066385563798	0.00568480171685578
Visa_mfinanciacion_limite_rank_lag1	0.00425011217231337	0.00408695036569934	0.00666651446314011
ccomisiones_otras	0.00423491875803174	0.00477460186928855	0.00447478368073788
mprestamos_personales_rank	0.00421077888021985	0.0116827091019456	0.00360722357937033
mcuentas_saldo_rank_lag1	0.00420505717964956	0.00432372792638434	0.00799068514417479
foto_mes	0.0040793164734991	0.00118891539554377	0.00337891828953677
Master_mlimitecompra_rank_lag1	0.00407830858960964	0.00262979997290672	0.00554781854295564
Master_mlimitecompra_rank	0.00404148685500668	0.00343668833906568	0.00589027647770599
mcaja_ahorro_rank_lag1	0.00400632454780288	0.0040062769487603	0.00755690509349102
cprestamos_personales	0.00390402286346054	0.01017964953679	0.00237437501426908
Visa_mpagospesos_rank	0.0037758540216492	0.00339197645925877	0.00497705531837173
mtransferencias_recibidas_rank_lag1	0.00376926452552977	0.0043035074173602	0.00639254811533983
Visa_mconsumospesos_rank_lag1	0.00376409076824602	0.00239504122369623	0.00627839547042305
mcaja_ahorro_dolares_rank_lag1	0.00375250427734202	0.00382336977847386	0.0048857332024383
Visa_mpagospesos_rank_delta1	0.00372982509341481	0.00321476161169857	0.00634688705737312
mcomisiones_otras_rank_delta1	0.0037072052316434	0.00330196571530737	0.00655236181822333
Visa_mlimitecompra_rank	0.003671256123962	0.00306657722131087	0.00570763224583914
Visa_mconsumospesos_rank_delta1	0.00350822333092902	0.00204480334829342	0.00527385219515536
mcomisiones_rank_delta1	0.00348931648002478	0.00313247495965957	0.00595876806465606
mcaja_ahorro_dolares_rank_delta1	0.00342189215257006	0.005206084596714	0.00511403849227187
Visa_mpagominimo_rank_delta1	0.00337099747644495	0.00401241760830951	0.00566197118787242
mcomisiones_otras_rank_lag1	0.00336193120223056	0.0040630731904486	0.00529668272413872
Visa_mfinanciacion_limite_rank	0.00326683924501663	0.00279082156822247	0.00531951325312208
mttarjeta_visa_debitos_automaticos_rank_delta1	0.00323484793348437	0.00327093070014319	0.00472591949955481
mtransferencias_recibidas_rank_delta1	0.00323248966474646	0.00267762818236458	0.00582178489075592
Master_fultimo_cierre_lag1	0.00317999240884842	0.00214081480850825	0.00454327526768795
ccomisiones_mantenimiento_delta1	0.00312719706361434	0.0058935935654751	0.0012100180361179
Visa_mconsumospesos_rank	0.00305983919886939	0.00216577395268146	0.00518253007922194
Visa_cconsumos_lag1	0.00305974992193117	0.0023541259534017	0.00449761420972124
mcomisiones_rank	0.00302132854956269	0.00319562436736807	0.00433780050683774
mcomisiones_otras_rank	0.00301580318629701	0.00319811095223301	0.0048857332024383
ctarjeta_visa_transacciones_lag1	0.00299584619117018	0.00381971699956075	0.00369854569530376
mcomisiones_rank_lag1	0.00290821029271058	0.00264697153238047	0.00477158055752152
mcaja_ahorro_dolares_rank	0.00290431891174536	0.0041480278353156	0.00422364786192096
cdescubierto_preacordado	0.00284413797368312	0.00515125015256896	0.00146115385493482
mcuenta_debitos_automaticos_rank	0.00276707291030576	0.00481255759824305	0.00267117189105272
ccomisiones_otras_lag1	0.00275748716147383	0.0024137728916522	0.00472591949955481
Visa_msaldototal_rank_delta1	0.00275277456754118	0.00235891641939736	0.00381269834022054
Visa_msaldopesos_rank_delta1	0.00274248178539643	0.00251650033381333	0.00426930891988767
Master_fultimo_cierre	0.00271629109130505	0.00273248076730593	0.00461176685463802
Visa_cconsumos_delta1	0.00261681694309685	0.00299214942138537	0.00365288463733705
mtransferencias_emitidas_rank_delta1	0.00260655270228117	0.00226561052937429	0.00413232574598753
tcallcenter	0.00248083857398521	0.000999048638332069	0.000570763224583914
Visa_cconsumos	0.00247306449661156	0.00207842861001571	0.00401817310107075
Visa_msaldototal_rank	0.00245406639128945	0.00423104400652029	0.00497705531837173
cproductos_lag1	0.00235794801796039	0.00195651597999099	0.00303646035478642
ctransferencias_recibidas	0.00235684638325594	0.00205510213750994	0.00378986781123719
active_quarter	0.00229456619485721	0.00164457332558782	0.000821899043400836
mtarjeta_visa_consumo_rank_delta1	0.00225902435905267	0.00255575572124596	0.0039953425720874
mtransferencias_emitidas_rank_lag1	0.0021986719692883	0.00188859683862546	0.00365288463733705
ccomisiones_otras_delta1	0.00218497632578876	0.00368017669861233	0.00310495194173649
ctarjeta_debito_transacciones_delta1	0.00214326092966638	0.00380798508743614	0.0033104267025867
ccallcenter_transacciones_delta1	0.00210830261568193	0.00504652333550079	0.00198625602155202
Master_msaldopesos_rank	0.00206817295058617	0.00238525167254741	0.00182644231866852
Visa_fultimo_cierre_lag1	0.00206675324129566	0.00185211828879864	0.00376703728225383
Visa_fultimo_cierre	0.00206075525953843	0.0029120526226146	0.00408666468802082
mttarjeta_visa_debitos_automaticos_rank_lag1	0.00205555723743941	0.00146635425537503	0.00319627405766992
mtransferencias_emitidas_rank	0.00203895068218844	0.00467881328171404	0.00349307093445355
mautoservicio_rank	0.0020248275916596	0.00141681433220868	0.0027853245359695
mttarjeta_visa_debitos_automaticos_rank	0.00187248246083335	0.0015377525423176	0.00296796876783635
Visa_msaldopesos_rank_lag1	0.00182031797425264	0.00166762509460668	0.00299079929681971
cprestamos_personales_lag1	0.00179697403299056	0.0104073191219588	0.00239720554325244
mcuenta_debitos_automaticos_rank_delta1	0.0017864460218263	0.00278451245842186	0.00305929088376978
ctransferencias_emitidas_delta1	0.00177984636422586	0.00568198765543431	0.00287664665190292
mautoservicio_rank_delta1	0.00177726037337389	0.00159796054948239	0.00319627405766992
Visa_mconsumototal_rank_delta1	0.00170666994494758	0.00112609640948224	0.00285381612291957
ctarjeta_debito_transacciones_lag1	0.00169968759990042	0.00141247997766298	0.00317344352868656
cdescubierto_preacordado_delta1	0.00167763973923792	0.00753785201866991	0.000890390630350905
mautoservicio_rank_lag1	0.00165811521400958	0.00109263830224019	0.00296796876783635
cmobile_app_trx	0.00165793226320607	0.00131022549197694	0.00207757813748545
Visa_status	0.00165334723069813	0.00221579460694988	0.00107303486221776
ccaja_ahorro	0.001615771833822	0.00198285771199686	0.00162096755781831
Master_msaldototal_rank_lag1	0.00160978321048232	0.00181549590837255	0.00109586539120111
ctarjeta_debito_lag1	0.00156156557143816	0.00220689913790466	0.00216890025341887
cmobile_app_trx_lag1	0.00153796904514874	0.000601993254979822	0.00194059496358531
Visa_mconsumototal_rank_lag1	0.00153495476889083	0.000393543843496085	0.00132417068103468
Visa_delinquency_lag1	0.00153013891971569	1.23253753180122e-05	9.13221159334262e-05
ctransferencias_recibidas_lag1	0.00150901623779451	0.00295544799891824	0.00299079929681971
ctarjeta_debito_transacciones	0.00149838617762311	0.000934493318909932	0.00264834136206936
ctransferencias_recibidas_delta1	0.00149766471825631	0.00152320751099457	0.00242003607223579
mpagomiscuentas_rank_lag1	0.00148275297095833	0.00240324863825303	0.00232871395630237
ctarjeta_visa_transacciones_delta1	0.00147703026601437	0.00336302763566965	0.00271683294901943
internet_lag1	0.00143066940718048	0.00743862834173795	0.00207757813748545
mpagomiscuentas_rank	0.00139048060498207	0.00352546291732602	0.00159813702883496
Visa_mconsumototal_rank	0.00138723462632533	0.00047777803959554	0.00175795073171845
mtarjeta_visa_consumo_rank_lag1	0.00138577554008181	0.00233976621735521	0.00264834136206936
mpayroll_rank_lag1	0.00134975538370454	0.00138800286036302	0.00164379808680167
ctarjeta_debito	0.00129041704094912	0.00277431214781385	0.00253418871715258
Visa_msaldototal_rank_lag1	0.00127164656421818	0.00291457937638564	0.0021004086664688
mpagomiscuentas_rank_delta1	0.00125337730953034	0.00218639874230896	0.00257984977511929
Master_mpagominimo_rank_lag1	0.0012510972419853	0.00167362710664127	0.00159813702883496
ctarjeta_visa_debitos_automaticos	0.00125059921943252	0.000542635273699038	0.00166662861578503
Visa_mconsumosdolares_rank_lag1	0.00123779067636776	0.00118412881686161	0.00166662861578503
ctarjeta_visa_debitos_automaticos_lag1	0.00122071959902999	0.00169592344107116	0.00221456131138558
ccaja_seguridad	0.00121793849248679	0.00406159341977859	0.000456610579667131
ccajas_transacciones	0.00118153972551452	0.00345406722192578	0.000753407456450766
mcuenta_debitos_automaticos_rank_lag1	0.00117124300910868	0.00200076397372096	0.00212323919545216
mpayroll_rank_delta1	0.00116642240184495	0.00105515812130311	0.00175795073171845
Visa_mpagado_rank_delta1	0.00116009261221596	0.00197089385683378	0.00180361178968517
Master_mpagominimo_rank	0.00115239799703212	0.00158970648716366	0.00162096755781831
thomebanking_delta1	0.00113561304175189	0.00234777278738149	0.00166662861578503
internet	0.00112783538434255	0.00366469223319494	0.00118718750713454
cproductos_delta1	0.00112293934365241	0.00718400023748894	0.0012100180361179
Master_mpagospesos_rank_lag1	0.00111940651573518	0.0016833907423668	0.00184927284765188
ccajas_consultas	0.00111877891301069	0.00647482856639746	0.000936051688317618
ctransferencias_emitidas	0.00109087704995846	0.00137409275691065	0.00198625602155202
matm_rank_delta1	0.00105526518639817	0.00160388351947594	0.00205474760850209
ccallcenter_transacciones_lag1	0.00103856730702915	0.00135877674174466	0.000844729572384192
Master_mpagospesos_rank_delta1	0.00103023354378929	0.00181265557797967	0.00175795073171845
mtarjeta_master_consumo_rank	0.00102647301455897	0.00383327465325633	0.00107303486221776
Master_msaldototal_rank	0.00100940945113899	0.00169228491564086	0.00143832332595146
active_quarter_lag1	0.00100033620426517	0.00298773213748513	0.00118718750713454
mextraccion_autoservicio_rank_lag1	0.000996906806162895	0.0010905896880289	0.00180361178968517
Master_mpagospesos_rank	0.000994007801228399	0.00162428284492079	0.00162096755781831
ccallcenter_transacciones	0.000983145060515051	0.00156821353085585	0.000913221159334262
Visa_mconsumosdolares_rank_delta1	0.000958597815488177	0.00163186440200507	0.00166662861578503
ccomisiones_mantenimiento	0.000955571160388765	0.00374226616550816	0.000981712746284331
Visa_mconsumosdolares_rank	0.000940258894433399	0.00167917819031057	0.00150681491290153
Master_msaldopesos_rank_delta1	0.000937074106410118	0.000926386974503973	0.00136983173900139
ccuenta_debitos_automaticos_lag1	0.000927373356515793	0.00143369434317039	0.00118718750713454
Visa_Finiciomora	0.000918316950422791	0.00769028394693529	0.00114152644916783
mextraccion_autoservicio_rank_delta1	0.000913604123199479	0.0011642737153059	0.00189493390561859
Master_msaldototal_rank_delta1	0.000908390984950044	0.000889106342326247	0.00114152644916783
internet_delta1	0.000903311503217449	0.00289420337482175	0.0010502043332344
ctransferencias_emitidas_lag1	0.000882283143327051	0.00102870365720592	0.00182644231866852
Master_mpagominimo_rank_delta1	0.000872811960528045	0.00141733004913221	0.00191776443460195
thomebanking_lag1	0.00085488246583177	0.000615708992757488	0.00143832332595146
tcuentas_lag1	0.00085398365521303	0.000771868854663527	0.000205474760850209
cdescubierto_preacordado_lag1	0.00082581800127141	0.00183445304051116	0.00102737380425104
ccajas_otras_delta1	0.000804067450783567	0.00286024509991014	0.000616424282550627
mextraccion_autoservicio_rank	0.000781299337537209	0.00181668801784401	0.00125567909408461
matm_rank_lag1	0.000777268073991959	0.00125304699779507	0.00134700121001804
Visa_msaldodolares_rank_lag1	0.0007688843330637	0.00333743356362578	0.000936051688317618
ccajas_transacciones_delta1	0.000763221411935875	0.00150478164503345	0.000479441108650488
Visa_mpagado_rank	0.000735406333128568	0.00099986238262346	0.00132417068103468
mplazo_fijo_dolares_rank	0.000728597851344194	0.00418184875848375	0.000684915869500696
cpagomiscuentas_delta1	0.000723793894073611	0.00226098203477421	0.00143832332595146
mttarjeta_master_debitos_automaticos_rank_lag1	0.00070926920332158	0.00168132917044387	0.000821899043400836
Master_mconsumospesos_rank	0.000704277422404072	0.00168655760709317	0.00146115385493482
cpagomiscuentas	0.000691713697864075	0.00128894504214013	0.00148398438391818
Visa_Finiciomora_lag1	0.000640522842026455	0.00957766405643716	0.00111869592018447
Master_mconsumospesos_rank_lag1	0.000637919475273529	0.000531447585463575	0.00114152644916783
matm_rank	0.000631262515420721	0.000727328016650349	0.0010502043332344
Visa_msaldodolares_rank	0.00063050995928071	0.00393599432079048	0.000890390630350905
Master_mconsumospesos_rank_delta1	0.000622017503470534	0.000611396666321581	0.00102737380425104
Master_mconsumototal_rank_delta1	0.00061190053547469	0.00107729766742207	0.000890390630350905
cpagomiscuentas_lag1	0.00060971543339664	0.00106982754665795	0.00132417068103468
Visa_mpagado_rank_lag1	0.000609098281484576	0.00112219743404786	0.00109586539120111
ccajas_consultas_lag1	0.000600198974711718	0.00683826905419674	0.000799068514417479
ctarjeta_master_transacciones	0.000594625158748304	0.00124078900257762	0.000684915869500696
catm_trx	0.000568966043025943	0.00078236071378358	0.000684915869500696
cextraccion_autoservicio_delta1	0.000567400943719152	0.000991034293678799	0.000913221159334262
minversion2_rank	0.000557151097197583	0.00523050470008272	0.000525102166617201
mttarjeta_master_debitos_automaticos_rank	0.000551932401953387	0.00126603839949171	0.000547932695600557
catm_trx_lag1	0.000549860402723103	0.000809910104514894	0.000821899043400836
mtarjeta_master_consumo_rank_delta1	0.0005383948170988	0.00122765895336637	0.0010502043332344
minversion2_rank_lag1	0.000535498383881086	0.00331991214593758	0.000456610579667131
ccomisiones_mantenimiento_lag1	0.000529390355697081	0.00109429818510209	0.000753407456450766
Master_cconsumos_delta1	0.000519026122236361	0.00151358770586832	0.000410949521700418
cextraccion_autoservicio	0.000511123060980085	0.000353231106793112	0.00102737380425104
mplazo_fijo_dolares_rank_delta1	0.00050128395560188	0.00144784675583054	0.000799068514417479
ctarjeta_visa_debitos_automaticos_delta1	0.000495834993182146	0.00116870525268895	0.000867560101367549
catm_trx_delta1	0.00049520692197441	0.00187788210686509	0.000890390630350905
matm_other_rank_delta1	0.000487212795694144	0.00136438483934521	0.00127850962306797
matm_other_rank_lag1	0.000476929806529471	0.00164819371022181	0.000867560101367549
Master_msaldopesos_rank_lag1	0.000470287063215685	0.00187019559231647	0.000844729572384192
cextraccion_autoservicio_lag1	0.000466814034427602	0.000544599662784625	0.00102737380425104
mprestamos_prendarios_rank	0.000465241032147315	0.00306485902874656	0.000388118992717061
Master_cconsumos_lag1	0.00046459440678333	0.000304385716971015	0.000684915869500696
ccajas_consultas_delta1	0.000460439028699681	0.00384365637182739	0.00100454327526769
ccuenta_debitos_automaticos	0.000440269608009516	0.00103197677516778	0.000844729572384192
mcaja_ahorro_adicional_rank	0.000413419277966072	0.00186047342126821	0.000525102166617201
matm_other_rank	0.000396261631779463	0.000967828327891343	0.000707746398484053
Master_cconsumos	0.000395330695154424	0.000414820406019399	0.000707746398484053
ccuenta_debitos_automaticos_delta1	0.000394330451366704	0.00212443626098726	0.00059359375356727
Master_mpagado_rank_delta1	0.000392221388464217	0.0010953788582534	0.00066208534051734
mttarjeta_master_debitos_automaticos_rank_delta1	0.000391410229604686	0.000841282020181882	0.000844729572384192
ccaja_seguridad_lag1	0.000390509661060055	0.000671136900095933	0.000182644231866852
Master_mconsumototal_rank_lag1	0.000384348670047594	0.000169701966347644	0.000479441108650488
mtarjeta_master_consumo_rank_lag1	0.000370960331332608	0.00067894910444752	0.000570763224583914
cliente_edad_delta1	0.000364921124231524	0.00105849732359438	0.000502271637633844
cseguro_auto	0.00036195408227055	0.00126198911460222	0.000159813702883496
cplazo_fijo	0.000347750570934409	0.00159152186256531	0.000205474760850209
Visa_Finiciomora_delta1	0.000339376353669544	0.00459286478036378	0.000410949521700418
Visa_status_lag1	0.000336605374616017	0.000841508780135693	0.000136983173900139
cseguro_vivienda	0.000324142998227356	0.000898648401182622	0.000456610579667131
Visa_msaldodolares_rank_delta1	0.000321890550120163	0.00209039505672112	0.000684915869500696
mcaja_ahorro_adicional_rank_lag1	0.000320314016080471	0.00058956162642631	0.000342457934750348
Master_status	0.000318146785646406	0.00293176389357103	0.000547932695600557
cmobile_app_trx_delta1	0.000312669424114543	0.000923274532166518	0.00066208534051734
ctarjeta_master_transacciones_lag1	0.000309046386316849	0.000509527024671438	0.00059359375356727
tcallcenter_delta1	0.000308792580494955	0.000224469030392125	0.000365288463733705
Master_mpagado_rank	0.0003015720023127	0.0016389095098272	0.000616424282550627
ccaja_ahorro_lag1	0.00030107203732659	0.00195497919538973	0.000799068514417479
Master_Finiciomora	0.00029785211893883	0.0023775975522779	0.000456610579667131
ccaja_ahorro_delta1	0.000284897016987105	0.00260014106671938	0.000319627405766992
Visa_Fvencimiento_delta1	0.000275327641108092	0.000479772231417914	0.000365288463733705
tcallcenter_lag1	0.000270543005520941	0.000212547935677479	0.000479441108650488
cseguro_accidentes_personales	0.000267931600091891	0.000351559561990732	0.000639254811533983
ccheques_emitidos	0.000246268545388276	0.00183736852563159	0.000182644231866852
Master_Finiciomora_lag1	0.000240733119234029	0.00549055431088457	0.000502271637633844
ctarjeta_master_transacciones_delta1	0.00023804627451844	0.000500748175031033	0.000479441108650488
mtarjeta_visa_descuentos_rank_delta1	0.00023140572256912	0.000719281277717963	0.000388118992717061
cseguro_accidentes_personales_lag1	0.000230680868472612	0.000255751537848753	0.000365288463733705
cpayroll_trx_delta1	0.000228844332475377	0.00132788814872208	0.000570763224583914
minversion1_pesos_rank	0.000221871384860926	0.00270646168232005	0.000251135818816922
mplazo_fijo_dolares_rank_lag1	0.000221809960538848	0.000849173266574512	0.000342457934750348
cpayroll_trx_lag1	0.000220423807401765	0.000380875088819444	0.000479441108650488
mtarjeta_visa_descuentos_rank	0.000213967215397572	0.00274387577892773	0.000342457934750348
Master_mconsumototal_rank	0.000211704757412402	0.000461617181630207	0.000410949521700418
Visa_fechaalta_delta1	0.000210285968499875	1.14675748070236e-05	0.000114152644916783
Visa_mpagosdolares_rank_delta1	0.00020924805055711	0.00127803594470506	0.000616424282550627
Master_Fvencimiento_delta1	0.000207910326658068	0.000735059883189728	0.000547932695600557
mcheques_depositados_rank_lag1	0.000207394787357916	0.000657368035700517	0.000251135818816922
Master_fultimo_cierre_delta1	0.000206667048385871	4.33318835165734e-05	0.000342457934750348
minversion1_pesos_rank_delta1	0.000203963169600735	0.00224212597278643	0.000410949521700418
Master_status_lag1	0.000192868436796624	0.00169715312790639	0.000251135818816922
ccajas_otras_lag1	0.000189895678493844	0.00256766385824896	0.000365288463733705
Master_mpagado_rank_lag1	0.000189623531357731	0.000168318082743813	0.000251135818816922
active_quarter_delta1	0.000188970872499307	0.00366403527721447	0.000525102166617201
cseguro_vida	0.00018698894278336	0.00120909443989064	0.000273966347800279
cplazo_fijo_delta1	0.000182358564435712	0.00042901557912798	0.000114152644916783
Master_msaldodolares_rank_delta1	0.000178493324441981	0.000577482447629578	0.000228305289833565
Visa_fultimo_cierre_delta1	0.00017678804966073	4.4069177309251e-05	0.000228305289833565
mprestamos_hipotecarios_rank_lag1	0.000170488791213503	0.00243703457559973	0.000182644231866852
Master_msaldodolares_rank	0.00016541470846738	0.00130133650178754	0.000251135818816922
Visa_mpagosdolares_rank_lag1	0.000156094088085725	0.00104753898685506	0.000433780050683774
mcheques_emitidos_rank_lag1	0.000146157679771701	0.00113965406317782	0.000159813702883496
catm_trx_other	0.000138984246893168	0.000177911972446774	0.000182644231866852
ctarjeta_visa_descuentos_delta1	0.000135066774326462	0.000524701800780483	0.000182644231866852
ccajas_otras	0.000130294926524559	0.00336936006935123	0.000388118992717061
cprestamos_prendarios	0.000126970677883736	0.00100137195603026	0.000136983173900139
Master_msaldodolares_rank_lag1	0.000125283734405959	0.0026673462381732	0.000251135818816922
cforex	0.000122166957854584	0.000119656692427094	0.000159813702883496
mtarjeta_master_descuentos_rank_delta1	0.000119880003722771	0.000341321674018948	0.000136983173900139
mtarjeta_visa_descuentos_rank_lag1	0.000119070988034653	0.000677198517604098	0.000296796876783635
mforex_buy_rank_delta1	0.000118319652946682	0.000973343129968031	0.000114152644916783
ccajas_transacciones_lag1	0.00011609885810107	8.73077653019706e-05	0.000182644231866852
cseguro_vida_lag1	0.000115991601158266	0.00136173110000003	0.000365288463733705
minversion1_pesos_rank_lag1	0.000112843772066549	0.000455379339243652	0.000114152644916783
Master_status_delta1	0.000112742276985414	0.000623933252339429	0.000182644231866852
ctarjeta_master_debitos_automaticos_lag1	0.000110877426019427	0.000141112071371128	0.000159813702883496
Visa_mpagosdolares_rank	0.000110399280464285	8.59212901558107e-05	0.000251135818816922
ctarjeta_master_descuentos_delta1	0.00010911923463199	0.000249557751681796	0.000114152644916783
ctarjeta_master_debitos_automaticos	0.000108961494375427	5.50417675313838e-05	0.000114152644916783
cprestamos_prendarios_lag1	0.000106605093821308	0.0024101525070182	0.000205474760850209
cinversion2	0.000105413881693734	0.000615033895980713	9.13221159334262e-05
mcaja_ahorro_adicional_rank_delta1	0.000104832589031909	0.00166218674302871	0.000342457934750348
catm_trx_other_delta1	9.95303160737244e-05	0.00119869069320978	0.000342457934750348
ccheques_emitidos_delta1	9.66751671940344e-05	0.000591653001086031	0.000114152644916783
mcheques_depositados_rank_delta1	9.49797326828648e-05	0.00162195304836678	0.000251135818816922
ccajas_extracciones_lag1	8.94527683040847e-05	0.000426579529338465	0.000136983173900139
Visa_delinquency_delta1	8.90762417023228e-05	0.000372335956844497	0.000182644231866852
mtarjeta_master_descuentos_rank_lag1	8.49064163338182e-05	7.11184003710156e-05	0.000159813702883496
mforex_buy_rank	8.31471076498622e-05	0.00152521595629975	0.000205474760850209
Master_delinquency_lag1	7.99313705940291e-05	0.000651275319684401	0.000159813702883496
ctarjeta_master_descuentos_lag1	7.84864834505879e-05	0.000109361790524066	6.84915869500696e-05
Visa_delinquency	7.6740850056543e-05	0.000253601853486623	0.000159813702883496
Master_fechaalta_delta1	7.61131355297928e-05	4.90099527600059e-05	0.000205474760850209
ccheques_emitidos_lag1	7.53624871525414e-05	0.000356979772772402	6.84915869500696e-05
mcheques_emitidos_rank	7.50992107462368e-05	0.000382921111488404	9.13221159334262e-05
Master_mpagosdolares_rank_lag1	7.28834317213989e-05	6.08934701108774e-05	0.000114152644916783
mforex_sell_rank	7.22429980893905e-05	0.000637287469962162	0.000159813702883496
mforex_sell_rank_delta1	6.89982621791233e-05	0.0010563126534108	0.000228305289833565
minversion2_rank_delta1	6.8892583839537e-05	0.00388459237446056	0.000251135818816922
cseguro_auto_lag1	6.32066437449535e-05	0.000513602224984216	6.84915869500696e-05
mprestamos_prendarios_rank_delta1	6.10504445200095e-05	0.00441017270809066	0.000205474760850209
cseguro_vivienda_lag1	6.02599242218083e-05	0.000111320996524994	0.000228305289833565
ctarjeta_visa_descuentos_lag1	5.95804436588417e-05	0.000697665223149514	0.000136983173900139
mprestamos_prendarios_rank_lag1	5.91571099285973e-05	0.0016306982079569	0.000159813702883496
ccajas_extracciones_delta1	5.72277667805633e-05	0.000134190061809645	9.13221159334262e-05
mprestamos_hipotecarios_rank_delta1	5.53052535364327e-05	0.00206718649939133	0.000114152644916783
Visa_cadelantosefectivo	5.46448650406445e-05	1.03221130974858e-05	6.84915869500696e-05
ctarjeta_debito_delta1	5.31616367740364e-05	0.00186238727527838	0.000182644231866852
ctarjeta_master_debitos_automaticos_delta1	4.94263623855655e-05	3.24564761317883e-05	9.13221159334262e-05
Master_delinquency	4.72814264565278e-05	9.91783249411958e-06	6.84915869500696e-05
mcajeros_propios_descuentos_rank_delta1	4.68058964758375e-05	0.00026397450165953	0.000136983173900139
ccheques_depositados_lag1	4.62599201287442e-05	0.000377498309164404	6.84915869500696e-05
catm_trx_other_lag1	4.48650491265053e-05	0.000138764134020808	0.000182644231866852
ctarjeta_master_delta1	4.47040335712473e-05	0.000752918201380734	9.13221159334262e-05
Master_mpagosdolares_rank_delta1	4.32791461728981e-05	0.000324672310324547	9.13221159334262e-05
cforex_delta1	4.29655434394417e-05	0.000136952645932648	0.000114152644916783
cpagodeservicios_delta1	4.20610684789485e-05	0.000742369328329437	6.84915869500696e-05
ctarjeta_visa_delta1	4.13167573614726e-05	0.000417091892871005	0.000114152644916783
mtarjeta_master_descuentos_rank	4.04512681895997e-05	0.000352672629421154	9.13221159334262e-05
mforex_sell_rank_lag1	4.03460014818646e-05	0.000202135118598469	0.000182644231866852
ccajas_depositos_delta1	3.6529179455638e-05	0.000377237859160313	0.000136983173900139
cinversion2_lag1	3.63119866513413e-05	0.00152034774403422	6.84915869500696e-05
mcheques_emitidos_rechazados_rank_delta1	3.49521128469813e-05	0.00209481363639253	9.13221159334262e-05
cpagodeservicios_lag1	3.40600533569975e-05	0.000318830973914371	6.84915869500696e-05
cforex_lag1	3.27642247337262e-05	0.000106700276551904	6.84915869500696e-05
cpagodeservicios	2.9656973016244e-05	0.000647329696488086	9.13221159334262e-05
Master_mconsumosdolares_rank_lag1	2.86480375602105e-05	0.000327937653659429	0.000114152644916783
mcheques_depositados_rank	2.80329909456622e-05	3.71938155096954e-05	6.84915869500696e-05
mforex_buy_rank_lag1	2.68561437973381e-05	0.000128593626149585	4.56610579667131e-05
ccajas_depositos_lag1	2.63839644379115e-05	0.000856458092062092	6.84915869500696e-05
ccajas_extracciones	2.56167619381377e-05	0.000237017278350454	0.000136983173900139
mpagodeservicios_rank	2.50732032033822e-05	0.000458262430084966	6.84915869500696e-05
ctarjeta_master_descuentos	2.45916376231121e-05	1.34021611558243e-05	4.56610579667131e-05
Master_mconsumosdolares_rank	2.36790093644275e-05	6.01056412427791e-05	9.13221159334262e-05
mcheques_emitidos_rechazados_rank_lag1	2.31155266500942e-05	0.000325063633216267	2.28305289833565e-05
tcuentas	2.19354450703255e-05	0.000387011861055158	4.56610579667131e-05
mcajeros_propios_descuentos_rank_lag1	2.14487702382928e-05	5.73897048817032e-05	6.84915869500696e-05
cseguro_vivienda_delta1	2.02297525975963e-05	0.000744447745277512	9.13221159334262e-05
cplazo_fijo_lag1	2.00051764904643e-05	0.000405860148415945	6.84915869500696e-05
ctarjeta_visa_lag1	1.25505376157386e-05	7.84213666549008e-05	4.56610579667131e-05
mcheques_emitidos_rank_delta1	1.24696136967688e-05	0.000211327319240392	4.56610579667131e-05
cforex_buy_delta1	1.22415275156379e-05	0.000443307935073909	6.84915869500696e-05
Master_Finiciomora_delta1	1.18108114866243e-05	0.000197732088181037	4.56610579667131e-05
mpagodeservicios_rank_lag1	1.10463702892366e-05	0.000357355546410147	2.28305289833565e-05
ctarjeta_visa	1.07776374577165e-05	1.01303389651198e-05	6.84915869500696e-05
Visa_cadelantosefectivo_lag1	1.05530197214775e-05	2.69649979360633e-06	4.56610579667131e-05
Visa_madelantopesos_rank_delta1	9.70056158306504e-06	8.62283879218293e-05	2.28305289833565e-05
cinversion1_delta1	9.36175517108674e-06	1.18731511815544e-05	2.28305289833565e-05
mpagodeservicios_rank_delta1	9.09064803602155e-06	7.85353945173888e-05	4.56610579667131e-05
cforex_sell_delta1	8.54919953360072e-06	9.86120729422501e-05	4.56610579667131e-05
ctarjeta_visa_descuentos	8.30774088370582e-06	4.42220783066779e-05	2.28305289833565e-05
mprestamos_hipotecarios_rank	7.85254510779432e-06	0.00027385346101871	2.28305289833565e-05
ccheques_emitidos_rechazados_delta1	7.42554717060441e-06	0.000531898513828868	2.28305289833565e-05
cseguro_auto_delta1	7.42185023462857e-06	0.00119609526356701	4.56610579667131e-05
mcheques_depositados_rechazados_rank_lag1	6.99940209064275e-06	0.000612636719326137	2.28305289833565e-05
cseguro_vida_delta1	6.3252300072818e-06	0.000209622084387732	2.28305289833565e-05
ccheques_emitidos_rechazados	5.53910758885245e-06	0.000524901349539837	2.28305289833565e-05
ccajeros_propios_descuentos_lag1	5.36712861874931e-06	9.9916914505038e-06	2.28305289833565e-05
ccheques_depositados_delta1	4.94730978906696e-06	2.3522133951627e-05	2.28305289833565e-05
Visa_madelantopesos_rank_lag1	4.86860172056916e-06	2.18402229799302e-05	2.28305289833565e-05
ctarjeta_master	4.52414040858177e-06	7.93400684106274e-06	2.28305289833565e-05
minversion1_dolares_rank_delta1	2.73072427019113e-06	0.00063858971998262	2.28305289833565e-05
Master_mconsumosdolares_rank_delta1	2.05618920814451e-06	2.43734556067924e-06	4.56610579667131e-05
cforex_sell_lag1	1.75738898012397e-06	0.000162949702808728	4.56610579667131e-05
Master_cadelantosefectivo	1.62456758861777e-08	3.59576498186332e-06	4.56610579667131e-05
Master_mpagosdolares_rank	8.25123464422285e-11	1.35148932471475e-06	2.28305289833565e-05
