Feature	Gain	Cover	Frequency
ctrx_quarter	0.130909304294285	0.0252116160279114	0.014137261619276
mcuentas_saldo_rank	0.0565364648123573	0.012072781985508	0.0115793079821857
cpayroll_trx	0.02903990307404	0.00806492436407867	0.000616649537512847
mpasivos_margen_rank	0.0224655281775656	0.0106891223367894	0.0129724791595295
Visa_status_delta1	0.020186550637099	0.00258830317093652	0.000936393742149138
mpayroll_rank	0.0179604518955698	0.0111038631890248	0.00198698184309695
mprestamos_personales_rank	0.016265694028301	0.0159525807594927	0.00365421948155761
mrentabilidad_annual_rank	0.0148426094756706	0.00571989700790969	0.0105287198812379
cdescubierto_preacordado	0.0144797771324433	0.00754570957655102	0.00178143199725934
mrentabilidad_annual_rank_delta1	0.0119143041013546	0.0103185975705619	0.0162841155646911
numero_de_cliente	0.0113277280124901	0.00950112270639839	0.0173347036656389
mcuenta_corriente_rank	0.0102367906465437	0.00804225521666708	0.00940961516501085
ctrx_quarter_delta1	0.00946794419903261	0.0081359120117992	0.0122873130067375
cliente_edad_lag1	0.00943352648550733	0.00929331424830208	0.0137490007993605
mrentabilidad_rank	0.00915696970261126	0.00464814524185474	0.00829051044878383
mcuentas_saldo_rank_delta1	0.00914600038348743	0.00767267268236936	0.0134292565947242
mrentabilidad_annual_rank_lag1	0.00905618978636287	0.00655712565861218	0.0110083361881923
cliente_edad	0.00852953243369873	0.00617457817176388	0.0119218910585817
mactivos_margen_rank_lag1	0.00843958432013787	0.00568986204178864	0.00998058695900422
Master_Fvencimiento	0.0084219231290133	0.00668696177780066	0.0106200753682768
Master_mfinanciacion_limite_rank_delta1	0.00812767919326463	0.00645270465769804	0.0129496402877698
Visa_mlimitecompra_rank_delta1	0.00781890953178851	0.00633842992230483	0.0135891286970424
mactivos_margen_rank_delta1	0.00768480785005035	0.00649770020242318	0.0120817631608999
Visa_fechaalta	0.00766446685907577	0.00410953265148067	0.00721708347607628
Master_mlimitecompra_rank_delta1	0.00757776536868524	0.00797015462364748	0.0124700239808153
Visa_mfinanciacion_limite_rank_delta1	0.00739828644059561	0.00550421720779329	0.0134749343382437
chomebanking_transacciones	0.00718451341517798	0.00467218406629908	0.0110768528034715
mactivos_margen_rank	0.00704003015701673	0.00617192086598441	0.00831334932054357
Visa_mpagominimo_rank	0.00694625166291984	0.00708241863610255	0.00628068973392714
mcomisiones_mantenimiento_rank	0.0069373799298093	0.00819429598409953	0.00842754367934224
Visa_Fvencimiento_lag1	0.00688664038972891	0.00663247906916463	0.0108027863423547
mpasivos_margen_rank_lag1	0.00686910725300331	0.00660354381474814	0.0108713029576339
Visa_Fvencimiento	0.00669931090239412	0.00895221437948829	0.0101861368048418
cprestamos_personales_delta1	0.0065126662013169	0.00305399865550914	0.000936393742149138
Master_Fvencimiento_lag1	0.00633805743762754	0.00463398132564071	0.00648623957976476
mcomisiones_mantenimiento_rank_delta1	0.0062425708106969	0.00769000736783022	0.00986639260020555
mcaja_ahorro_rank	0.00620102355856436	0.00696745707715378	0.00988923147196529
cliente_antiguedad_lag1	0.00613906807293019	0.00522493410569814	0.00895283772981615
mpasivos_margen_rank_delta1	0.00598104118462607	0.00416381817955837	0.00899851547333562
mtarjeta_visa_consumo_rank	0.00583607061693579	0.0120146176908767	0.00500171291538198
mcuenta_corriente_rank_delta1	0.00580972166167603	0.00638632097751079	0.00984355372844582
cproductos_lag1	0.0057861085871214	0.00416764533509335	0.00379125271211602
chomebanking_transacciones_lag1	0.00576796143633187	0.00364945615114095	0.00929542080621217
Master_fechaalta_lag1	0.00572364118225767	0.0042788882539822	0.00733127783487496
Master_fechaalta	0.00570385066488136	0.00648875561588757	0.00840470480758251
mrentabilidad_rank_delta1	0.00568898444052811	0.00353640684660022	0.00940961516501085
mcaja_ahorro_rank_delta1	0.00561152805792965	0.00425746174109597	0.00849606029462145
ctarjeta_visa_transacciones	0.00559300441559146	0.00378594612165375	0.00554984583761562
chomebanking_transacciones_delta1	0.00555268516647461	0.00572810845330893	0.00966084275436793
Visa_msaldototal_rank	0.00547769730539554	0.00376037220024516	0.00447641886490807
cliente_antiguedad	0.00510187265986641	0.00486144167159821	0.00826767157702409
mcuenta_corriente_rank_lag1	0.00500896768781031	0.00728676121579426	0.0079479273723878
mcuentas_saldo_rank_lag1	0.00500042024782651	0.00535500313615016	0.0079479273723878
mrentabilidad_rank_lag1	0.00474623853831349	0.00589330341369358	0.00797076624414754
Visa_fechaalta_lag1	0.0047388651105978	0.00431671648391567	0.00616649537512847
mcomisiones_otras_rank_delta1	0.00470369630522812	0.0031656981334089	0.00687450039968026
mcomisiones_rank_delta1	0.00467596498477324	0.00270096473115783	0.00607513988808953
Visa_mpagominimo_rank_lag1	0.00464885544390141	0.00563553945964629	0.00596094552929085
cprestamos_personales	0.00459524392317071	0.00907916160499321	0.00198698184309695
ctrx_quarter_lag1	0.00456767981551916	0.010826692168615	0.0104145255224392
thomebanking	0.00456763054214326	0.0023774086385983	0.00109626584446728
Visa_mlimitecompra_rank	0.00456324328802172	0.00446930379880176	0.0069658558867192
Master_mfinanciacion_limite_rank_lag1	0.00448711960022104	0.00573394446849194	0.0061893342468882
Visa_mlimitecompra_rank_lag1	0.00447986714398692	0.00332728958600595	0.00678314491264132
mprestamos_personales_rank_delta1	0.00439839884685366	0.00848299081861682	0.00367705835331735
Master_mfinanciacion_limite_rank	0.00432152277683448	0.0042568304986374	0.00660043393856344
mcaja_ahorro_dolares_rank_delta1	0.00426080551929124	0.00371007395419614	0.00536713486353774
foto_mes	0.00408833798985645	0.0022297495143112	0.00374557496859655
mcaja_ahorro_rank_lag1	0.00404415753930171	0.00448146017872721	0.00776521639830992
mcomisiones_mantenimiento_rank_lag1	0.00403754540578988	0.00440080539021032	0.00666895055384264
Visa_msaldopesos_rank	0.00403451990678667	0.00394930690583802	0.00463629096722622
Visa_mfinanciacion_limite_rank_lag1	0.00402599208954175	0.00275870025732672	0.00545849035057668
Master_mlimitecompra_rank_lag1	0.00397320871140212	0.00277191797153261	0.00589242891401165
ccomisiones_otras	0.0039288644181077	0.00517387757468316	0.00493319630010278
Visa_msaldototal_rank_lag1	0.00389736299351064	0.00166022192378055	0.00328879753340185
mtransferencias_recibidas_rank_delta1	0.00389480095701372	0.00442344807043287	0.00664611168208291
mcomisiones_rank	0.0038835414629061	0.00302888923326819	0.00479616306954436
ccomisiones_otras_lag1	0.00387804326300763	0.00355759647814455	0.00536713486353774
Visa_mpagospesos_rank_delta1	0.00387620304759976	0.00249887715597222	0.00694301701495946
Visa_mpagospesos_rank_lag1	0.00387430611590027	0.00560010915703972	0.00771953865479045
tcallcenter	0.0038741394130628	0.000282342709148015	0.000616649537512847
mcomisiones_rank_lag1	0.00383184154469849	0.00531892968084995	0.00628068973392714
mtransferencias_recibidas_rank	0.00371869335485441	0.00526716118244983	0.00591526778577138
Master_mpagospesos_rank	0.00369211396533593	0.00355132110762349	0.00189562635605801
Master_mlimitecompra_rank	0.00365143774671317	0.00280053032624283	0.00628068973392714
mcomisiones_otras_rank	0.00360481433622758	0.00267237619691775	0.00518442388945986
cproductos	0.00343583038273849	0.00483965255822215	0.0039054470709147
mttarjeta_visa_debitos_automaticos_rank_delta1	0.00341699696203312	0.00278402406379888	0.00511590727418066
Visa_mfinanciacion_limite_rank	0.0034133183322605	0.00274849583259287	0.00534429599177801
Visa_mconsumospesos_rank_lag1	0.00340339017406097	0.00250220805171274	0.00591526778577138
Visa_mpagominimo_rank_delta1	0.00338859150560966	0.0032525250704096	0.00564120132465456
Visa_mconsumospesos_rank	0.00326204004904655	0.00254754502317647	0.00516158501770013
mtransferencias_recibidas_rank_lag1	0.00322248812789448	0.00360989696704435	0.00605230101632979
Visa_mpagospesos_rank	0.0031997859077532	0.00431178035315996	0.00497887404362225
cdescubierto_preacordado_delta1	0.00318920284202045	0.00776390772970445	0.00102774922918808
mtransferencias_emitidas_rank_delta1	0.0029979438914835	0.00248617158187423	0.00445357999314834
mcaja_ahorro_dolares_rank_lag1	0.00290621700389195	0.00265842534157548	0.00431654676258993
mcomisiones_otras_rank_lag1	0.00288477944542216	0.00254863547136486	0.00463629096722622
Visa_mconsumospesos_rank_delta1	0.00281223412650215	0.00166036881667972	0.0048190019413041
Visa_cconsumos_lag1	0.00265672731773234	0.00261598388059258	0.00415667466027178
mprestamos_personales_rank_lag1	0.00259577998372034	0.00638245941463005	0.00285485896996688
ctarjeta_visa_transacciones_lag1	0.00257666449160226	0.00404283665846276	0.00381409158387576
Visa_msaldopesos_rank_delta1	0.00256587795516935	0.00240022467890906	0.0043622245061094
mtransferencias_emitidas_rank	0.00253069918772494	0.00420359704132398	0.00424803014731072
cprestamos_personales_lag1	0.00243558316146763	0.0111202225585696	0.00246659815005139
Visa_cconsumos_delta1	0.00243498212628152	0.00380914328948666	0.00342583076396026
Master_fultimo_cierre_lag1	0.00241571183089782	0.00194533707098036	0.00401964142971337
Visa_fultimo_cierre	0.0024063148325729	0.00225610421779642	0.00406531917323284
ccomisiones_mantenimiento_delta1	0.00239845787607341	0.00394193314697186	0.00102774922918808
Master_fultimo_cierre	0.00239245701020733	0.00225166831691355	0.00415667466027178
Visa_msaldototal_rank_delta1	0.00238908514746375	0.00182331803607444	0.00379125271211602
mcaja_ahorro_dolares_rank	0.00236429922511315	0.00351487049487948	0.00408815804499258
mcuenta_debitos_automaticos_rank	0.00234403484591738	0.00375500597766758	0.00237524266301245
ccomisiones_otras_delta1	0.00228995691682684	0.00214596630404994	0.00296905332876556
mtarjeta_visa_consumo_rank_delta1	0.00219115037840997	0.00181057408455234	0.00372273609683682
Visa_fultimo_cierre_lag1	0.00218362393770456	0.00204946957953398	0.00372273609683682
ctarjeta_debito_transacciones_delta1	0.00214773826718285	0.00334516287876374	0.00328879753340185
Visa_cconsumos	0.00213529829658265	0.00194344996040191	0.00356286399451867
mpagomiscuentas_rank_delta1	0.00202006383326323	0.00223920491759525	0.00340299189220053
ctransferencias_recibidas	0.0019346130865443	0.00180543944987884	0.00347150850747973
mautoservicio_rank_delta1	0.00188403900254277	0.00169684986669112	0.00363138060979788
Visa_mconsumototal_rank_delta1	0.00181733994680824	0.0015673975217437	0.00303756994404476
ctransferencias_emitidas_delta1	0.00181672560223545	0.00535936625226318	0.00294621445700582
ccomisiones_mantenimiento	0.00178004677596553	0.0036367135229783	0.00107342697270755
mttarjeta_visa_debitos_automaticos_rank_lag1	0.00173856865091478	0.00194357567954984	0.00331163640516159
Master_mpagominimo_rank	0.00172983825621373	0.00130825065706914	0.0017585931254996
ctarjeta_visa_transacciones_delta1	0.00171154647980391	0.00250698934941257	0.00246659815005139
ctransferencias_recibidas_lag1	0.00171154543597774	0.00121130134362061	0.00310608655932397
mpagomiscuentas_rank	0.00169876139031356	0.00306649249209483	0.00212401507365536
ctarjeta_debito_transacciones_lag1	0.00168067943986986	0.00156572479539645	0.0035171862509992
mpayroll_rank_delta1	0.00168011688529356	0.00248983993427498	0.00248943702181112
mcuenta_debitos_automaticos_rank_delta1	0.00166120615733769	0.00329628592076609	0.00326595866164212
mautoservicio_rank	0.00164393681762606	0.00168827714416151	0.00285485896996688
mtransferencias_emitidas_rank_lag1	0.00161825830844168	0.00184604938138027	0.00365421948155761
ctarjeta_debito_transacciones	0.00159471820567768	0.00146847243263343	0.00303756994404476
ctransferencias_emitidas	0.00158701169307234	0.0015492794074873	0.00237524266301245
cmobile_app_trx_lag1	0.00157176660454019	0.00102598470276934	0.00223820943245404
ccaja_ahorro	0.00155212740866708	0.00314164739872949	0.00150736553614251
mautoservicio_rank_lag1	0.00154170033533212	0.00106821310288048	0.00317460317460317
mcuenta_debitos_automaticos_rank_lag1	0.00153230913825642	0.00185458901992359	0.0026036313806098
ccallcenter_transacciones	0.0015208838386699	0.00160402811137317	0.00114194358798675
ctarjeta_visa_debitos_automaticos_lag1	0.00151688880740673	0.00122312820704253	0.00219253168893457
ccallcenter_transacciones_delta1	0.0015015549154725	0.00448733986477214	0.00164439876670093
internet_lag1	0.00149200070094493	0.00702722660680028	0.00184994861253854
ctarjeta_debito_lag1	0.0014901151363432	0.00434197412241524	0.00248943702181112
Master_msaldopesos_rank	0.00145878546613217	0.00232611654960088	0.00143884892086331
mttarjeta_visa_debitos_automaticos_rank	0.00136610902328739	0.00192053731485116	0.002672147995889
cpagomiscuentas_lag1	0.0013613112998745	0.00171069882335559	0.0017585931254996
ctarjeta_debito	0.00133573051039842	0.00265379490685318	0.00194130409957748
mpagomiscuentas_rank_lag1	0.00129133606133314	0.0033299667421772	0.00246659815005139
Visa_mconsumosdolares_rank_lag1	0.00127052800119706	0.00146904280055722	0.00205549845837616
Visa_mconsumosdolares_rank_delta1	0.00126051276277871	0.00176452779242237	0.00219253168893457
Master_msaldototal_rank_delta1	0.00123051722653736	0.0010434953950373	0.00157588215142172
Visa_msaldopesos_rank_lag1	0.00121946478583731	0.0022206752385493	0.00223820943245404
thomebanking_lag1	0.0012181043946854	0.000444017533390529	0.00139317117734384
Master_mpagominimo_rank_lag1	0.00117560763627445	0.00167921345527523	0.00141601004910357
ccajas_transacciones	0.00117263759105051	0.0034705617737099	0.000753682768071257
cmobile_app_trx	0.00116152273033963	0.0011026786764466	0.00162155989494119
ctransferencias_recibidas_delta1	0.00114540299932275	0.00216753176967863	0.00237524266301245
ccaja_seguridad	0.00113608833156211	0.00375020879965433	0.000388260819915496
ctransferencias_emitidas_lag1	0.00111097999258307	0.00108304531561774	0.00198698184309695
mtarjeta_visa_consumo_rank_lag1	0.00110774191726965	0.00147635436152914	0.00237524266301245
Visa_mpagado_rank_delta1	0.00110603230466857	0.00171408530019308	0.00207833733013589
ctarjeta_visa	0.00110286879223127	0.000126919434956428	0.000182710974077881
Master_mpagospesos_rank_delta1	0.00109723510539613	0.00311170242105118	0.00194130409957748
ccajas_consultas	0.00109504467369826	0.00718955252389315	0.000890715998629668
mextraccion_autoservicio_rank_delta1	0.00108386925112481	0.00115512473488611	0.00198698184309695
Visa_mconsumosdolares_rank	0.00108125752068968	0.00205093850852562	0.00150736553614251
cproductos_delta1	0.00102863689780482	0.00260223814596536	0.000890715998629668
Master_mpagospesos_rank_lag1	0.00102275828031216	0.00199757933206428	0.00173575425373987
matm_rank_delta1	0.00100442301442505	0.00129011930921822	0.00178143199725934
mpayroll_rank_lag1	0.00096973401957947	0.00122783274989415	0.00134749343382437
Visa_mpagado_rank	0.000968591194747289	0.00149730446501267	0.00155304327966198
Master_mconsumospesos_rank_lag1	0.000949386632006633	0.00107168956816071	0.00134749343382437
thomebanking_delta1	0.000944429297058859	0.00230394366198376	0.00150736553614251
tcuentas_lag1	0.000934408977004594	0.00163277280202858	0.000205549845837616
mextraccion_autoservicio_rank_lag1	0.000894838885453062	0.00192604646024955	0.00189562635605801
Master_mpagominimo_rank_delta1	0.000881569217097678	0.00136090448294261	0.00159872102318145
ctarjeta_master_transacciones	0.000877708587787739	0.00150330457676773	0.000502455178714172
Master_mconsumospesos_rank_delta1	0.000856206540380547	0.000426905172317599	0.0013018156903049
ccuenta_debitos_automaticos_lag1	0.000852564849756121	0.00202512241233734	0.00123329907502569
mextraccion_autoservicio_rank	0.000805185539045032	0.00220826874368744	0.00139317117734384
ccajas_otras_delta1	0.000797265877977989	0.00255978345138794	0.000616649537512847
Master_cconsumos	0.000783494147495051	0.000277819466541312	0.000890715998629668
ccajas_consultas_delta1	0.000760398112863444	0.00300176433458194	0.000867877126869933
mtarjeta_master_consumo_rank	0.000756571610721209	0.00248419051277469	0.00102774922918808
Master_msaldototal_rank	0.000756350552905729	0.0023584978320302	0.00132465456206463
Visa_Finiciomora	0.000753832520056588	0.00581929321298484	0.000982071485668608
ctarjeta_visa_debitos_automaticos	0.000749901606258367	0.000929211396127918	0.00141601004910357
Visa_Finiciomora_lag1	0.000736872433865833	0.00610364213506198	0.00102774922918808
Visa_msaldodolares_rank	0.000736023621947805	0.00523945797568309	0.00109626584446728
ccajas_transacciones_delta1	0.000735868904182053	0.00154674252741794	0.000616649537512847
internet	0.000732430726668954	0.00401274611124473	0.000936393742149138
matm_rank	0.000728079762999212	0.000718941489451015	0.00132465456206463
cpagomiscuentas_delta1	0.000720090924045334	0.0020775340634311	0.00150736553614251
Master_msaldopesos_rank_delta1	0.000719379478170124	0.00127585217096695	0.00159872102318145
ccomisiones_mantenimiento_lag1	0.000709651546930043	0.00129175365814136	0.000890715998629668
cpagomiscuentas	0.000705820560444167	0.00134722359292853	0.00132465456206463
Master_mconsumospesos_rank	0.000704123053655801	0.000850020243164864	0.00132465456206463
matm_other_rank_delta1	0.000696030704600651	0.000971983696973807	0.00111910471622702
mttarjeta_master_debitos_automaticos_rank_lag1	0.000687222592417343	0.00192641303081774	0.000867877126869933
ccaja_seguridad_lag1	0.000684960902713216	0.000851213913390507	0.000182710974077881
mplazo_fijo_dolares_rank_delta1	0.000675471745367455	0.00272880953738593	0.00116478245974649
Master_msaldopesos_rank_lag1	0.000672342981521278	0.00261184441222694	0.00105058810094781
Visa_mpagado_rank_lag1	0.000613357343697891	0.00105225471124964	0.00111910471622702
ctarjeta_visa_debitos_automaticos_delta1	0.000576840766301136	0.00122217803495604	0.00100491035742834
minversion2_rank_lag1	0.000569784422051894	0.00169858082085425	0.000388260819915496
mplazo_fijo_dolares_rank	0.000569096093681748	0.00334758065648242	0.000593810665753112
Master_status	0.000568884187310045	0.00245645422202165	0.000822199383350463
ccallcenter_transacciones_lag1	0.000565679993256342	0.00168348525958606	0.000776521639830992
cdescubierto_preacordado_lag1	0.000561881177242266	0.00116291138190127	0.000708005024551787
Master_msaldototal_rank_lag1	0.000549273327133147	0.000567410215407559	0.000982071485668608
cextraccion_autoservicio_delta1	0.000547519209405845	0.000584910320799905	0.00100491035742834
internet_delta1	0.000537468102224655	0.00337685601427805	0.00102774922918808
mttarjeta_master_debitos_automaticos_rank_delta1	0.000537202326929762	0.00202597862590273	0.00102774922918808
ccuenta_debitos_automaticos_delta1	0.000524024101347238	0.00281573969642388	0.000822199383350463
Visa_msaldodolares_rank_lag1	0.000517630953788597	0.00171037989372767	0.000708005024551787
Visa_status_lag1	0.000511847304617523	0.000659047564016031	0.000114194358798675
mttarjeta_master_debitos_automaticos_rank	0.000509896555321401	0.00209499182132098	0.000753682768071257
matm_rank_lag1	0.00050386762742217	0.000417674740140374	0.000982071485668608
cpayroll_trx_lag1	0.000491207651848616	0.000815455417639856	0.000822199383350463
minversion2_rank	0.000484285369261812	0.00430757604018117	0.000433938563434966
cextraccion_autoservicio_lag1	0.000482698535797641	0.000540066962411743	0.000845038255110198
active_quarter_lag1	0.000466751175171401	0.000941288374486248	0.000616649537512847
ccaja_ahorro_delta1	0.000465893919065747	0.0019543359152535	0.000251227589357086
ctarjeta_visa_delta1	0.00044902301750487	0.000141812522228469	0.000182710974077881
catm_trx_lag1	0.00044213501216747	0.000873664706492531	0.000867877126869933
Master_cconsumos_lag1	0.000439556050206904	0.000669315510003571	0.000776521639830992
active_quarter	0.000436321091321065	0.00253330435211423	0.000799360511590727
mcaja_ahorro_adicional_rank	0.000421124740755386	0.00298978793154196	0.000502455178714172
Master_cconsumos_delta1	0.000413815347452162	0.000989618785030251	0.000639488409272582
ccajas_consultas_lag1	0.000412663300946573	0.0080462438220552	0.000639488409272582
mtarjeta_master_consumo_rank_delta1	0.000409083793396819	0.000663818274840246	0.000776521639830992
tcallcenter_delta1	0.000407038259961353	0.0010007508847399	0.000593810665753112
mplazo_fijo_dolares_rank_lag1	0.000404426730564554	0.00145485903395141	0.000639488409272582
matm_other_rank_lag1	0.000403421541009872	0.00124962186327021	0.000753682768071257
ccuenta_debitos_automaticos	0.000399363700567374	0.000835595625138807	0.000662327281032317
ccaja_ahorro_lag1	0.000398225207920518	0.000814707719549515	0.000708005024551787
Visa_delinquency	0.000395185637880755	0.000117620188087703	9.13554870389403e-05
Visa_msaldodolares_rank_delta1	0.000394562938997246	0.0014864290970367	0.000616649537512847
Master_mpagado_rank_delta1	0.000393091350640381	0.00146231616446305	0.000708005024551787
Master_Finiciomora	0.000392429545734097	0.00168055666511894	0.000479616306954437
Visa_mconsumototal_rank	0.000386959608938745	0.00077355521067279	0.000890715998629668
cextraccion_autoservicio	0.000382488611808149	0.000404422618588728	0.000913554870389403
Visa_mconsumototal_rank_lag1	0.000370061328030363	0.000619287229282739	0.000753682768071257
catm_trx_delta1	0.000362294751022419	0.00127999296269204	0.000890715998629668
mprestamos_prendarios_rank	0.000362071695625656	0.00372011163563904	0.000365421948155761
Master_mconsumototal_rank_delta1	0.000361530386402629	0.000507201330423015	0.000593810665753112
ctarjeta_master_transacciones_lag1	0.000351951632013418	0.000179949094914241	0.000548132922233642
cplazo_fijo	0.000344908347789643	0.00184838246409403	0.000205549845837616
Master_mconsumototal_rank_lag1	0.00034201051162746	0.000126543600872079	0.000548132922233642
mcaja_ahorro_adicional_rank_lag1	0.000321252297607888	0.00178769981642569	0.000570971793993377
Visa_status	0.000320773956508283	0.00126767380955401	0.000867877126869933
Visa_mpagosdolares_rank	0.000317736864921132	0.000180056287029847	0.000365421948155761
Master_mpagado_rank_lag1	0.000313512807991291	0.000766320404549079	0.000365421948155761
catm_trx	0.000312083238473827	0.000695936208738632	0.000639488409272582
cseguro_auto	0.000311530508066332	0.00304347000770958	0.000274066461116821
Master_mpagado_rank	0.000308809214113601	0.00101475070438189	0.000433938563434966
Master_status_lag1	0.000307602746752808	0.00112977049114655	0.000274066461116821
cmobile_app_trx_delta1	0.000305825692885124	0.00146144539394368	0.000662327281032317
cseguro_accidentes_personales	0.00027463160108318	0.000221378185916419	0.000388260819915496
Visa_Finiciomora_delta1	0.000264490601155182	0.00286298627557675	0.000251227589357086
mcaja_ahorro_adicional_rank_delta1	0.000256581104635035	0.0027148851492327	0.000479616306954437
cliente_edad_delta1	0.000254482753509062	0.00174016342155285	0.000342583076396026
mtarjeta_master_consumo_rank_lag1	0.000249375407084352	0.000464557395443964	0.000388260819915496
minversion1_pesos_rank_lag1	0.000240205787372673	0.0017041323137551	0.000205549845837616
minversion1_pesos_rank_delta1	0.000239825713696649	0.00425493941798058	0.000616649537512847
Master_Finiciomora_lag1	0.000236442273274733	0.00415888734224047	0.000433938563434966
mtarjeta_visa_descuentos_rank_delta1	0.000226977937154583	0.000783014584035199	0.000388260819915496
ccajas_transacciones_lag1	0.000222877685517683	0.000226025824311604	0.000205549845837616
Visa_mpagosdolares_rank_delta1	0.000219959317191837	0.000940073530509375	0.000479616306954437
ccajas_otras	0.000219012001408401	0.00314328836444989	0.000502455178714172
mprestamos_hipotecarios_rank_lag1	0.000209272058261733	0.00329183281621034	0.000205549845837616
cseguro_vivienda_lag1	0.000207360683848293	0.000278986669577916	0.000319744204636291
Master_mconsumototal_rank	0.000206968341235742	0.000589744552877813	0.000479616306954437
matm_other_rank	0.000205848826503092	0.000550213159329704	0.000502455178714172
ccajas_otras_lag1	0.000198275375257496	0.00193819357665884	0.000365421948155761
tcallcenter_lag1	0.000191439591598254	0.000130909363704002	0.000228388717597351
mtarjeta_visa_descuentos_rank	0.000187255914052362	0.0023734306200858	0.000296905332876556
cpayroll_trx_delta1	0.000186778726469084	0.00109517390499469	0.000433938563434966
Visa_mpagosdolares_rank_lag1	0.000180557412703557	0.000737764954295293	0.000456777435194701
mtarjeta_visa_descuentos_rank_lag1	0.000176940321164673	0.000866641637881128	0.000342583076396026
catm_trx_other	0.000166864550325251	0.000402084242437165	0.000228388717597351
Master_fultimo_cierre_delta1	0.000165615049427134	2.39872134257167e-05	0.000274066461116821
catm_trx_other_delta1	0.000164923048355847	0.000841720132682348	0.000388260819915496
minversion1_pesos_rank	0.000163045654474703	0.0027919496635565	0.000182710974077881
ctarjeta_master_transacciones_delta1	0.000159212485050073	0.000371653591839992	0.000342583076396026
cseguro_accidentes_personales_lag1	0.000158775887549169	0.00015480129524918	0.000319744204636291
mcheques_depositados_rank_delta1	0.000158270761547394	0.0019619372919454	0.000342583076396026
cseguro_vida_lag1	0.000154688258704879	0.00147733894096138	0.000251227589357086
Visa_fultimo_cierre_delta1	0.000154537470013408	0.000206016629398394	0.000205549845837616
ccheques_emitidos	0.000152076651406028	0.00163301365344883	0.000159872102318146
cprestamos_prendarios_lag1	0.0001474016235934	0.0026595290233584	0.000251227589357086
Visa_Fvencimiento_delta1	0.000146273737581134	0.000302860074090767	0.000411099691675231
Master_Fvencimiento_delta1	0.000140655822241486	4.16831760169493e-05	0.000228388717597351
mforex_buy_rank	0.000139766734082883	0.00103600121046101	0.000182710974077881
ccajas_extracciones	0.000137729570925893	0.000524297811182523	0.000251227589357086
active_quarter_delta1	0.000136456509740305	0.00255062051054276	0.000411099691675231
cseguro_vivienda	0.000133870773695934	0.000387176598211153	0.000319744204636291
mprestamos_prendarios_rank_lag1	0.000131534492493586	0.00477931133729242	0.000274066461116821
cseguro_auto_lag1	0.000128778193955128	0.00102039086236602	0.000182710974077881
ccajas_extracciones_lag1	0.000128151695881386	0.00045091620621345	0.000182710974077881
ctarjeta_master_debitos_automaticos	0.000125590794332685	0.000186146387227638	0.000182710974077881
ctarjeta_master_descuentos_delta1	0.000121866839698329	0.000798876370426054	0.00013703323055841
mcheques_emitidos_rank_delta1	0.000120111036139305	0.000920756452589525	0.00013703323055841
cprestamos_prendarios	0.00012002326230894	0.00160972649717319	0.000159872102318146
Master_fechaalta_delta1	0.000117378771234219	0.000477129310237316	0.000159872102318146
mcheques_depositados_rank_lag1	0.000116629793744269	0.000398045349389869	0.000205549845837616
Visa_delinquency_delta1	0.00011195280986818	0.000253506706690421	0.000159872102318146
ccajas_extracciones_delta1	0.000105549144852494	0.000156919993731723	0.000205549845837616
Master_msaldodolares_rank	0.000103477285991622	0.00225889650624	0.000251227589357086
cplazo_fijo_delta1	8.92347511460916e-05	0.000298048339123543	9.13554870389403e-05
ctarjeta_visa_descuentos_delta1	8.61684577708838e-05	0.000391445755803085	0.00013703323055841
mprestamos_prendarios_rank_delta1	8.58642403516544e-05	0.00406422479392488	0.000205549845837616
ctarjeta_debito_delta1	8.55980488216446e-05	0.00233860244602986	0.000228388717597351
cseguro_vida	8.54651777124199e-05	0.00101696997818278	0.000182710974077881
cinversion2	8.3514587162932e-05	0.00248100915665224	0.00013703323055841
ctarjeta_master_debitos_automaticos_lag1	8.01202986778958e-05	6.47863853287755e-05	0.000114194358798675
catm_trx_other_lag1	7.88350836693007e-05	0.000261624193568571	0.000182710974077881
mtarjeta_master_descuentos_rank_lag1	7.77679033157679e-05	0.000144698769193132	0.000182710974077881
mforex_buy_rank_delta1	7.54343191121491e-05	0.000759624205722304	9.13554870389403e-05
minversion2_rank_delta1	7.18563580186006e-05	0.00256070053948813	0.000228388717597351
mcheques_emitidos_rank	6.90568748899973e-05	0.000939982218707191	0.00013703323055841
ctarjeta_visa_lag1	6.81493594870438e-05	3.61449167106146e-05	4.56777435194701e-05
Visa_delinquency_lag1	6.71522586115361e-05	0.000360407683217475	0.00013703323055841
Master_mpagosdolares_rank	6.19860455574286e-05	5.00124004074084e-05	0.00013703323055841
Visa_fechaalta_delta1	5.8441138209468e-05	2.80962445239651e-05	0.000114194358798675
Master_delinquency_delta1	5.57021938050541e-05	2.49267986365883e-05	6.85166152792052e-05
mprestamos_hipotecarios_rank_delta1	5.46822216229846e-05	0.000473441107444782	4.56777435194701e-05
ccheques_depositados_lag1	5.44134639243412e-05	0.000449672248328634	4.56777435194701e-05
Master_mpagosdolares_rank_delta1	5.38702723290422e-05	5.01526765093132e-05	2.28388717597351e-05
mcajeros_propios_descuentos_rank_delta1	5.36551910389948e-05	0.000238821386852333	0.000114194358798675
Master_msaldodolares_rank_delta1	5.36087603660529e-05	0.000135710511795611	0.00013703323055841
ccajas_depositos_delta1	5.26173193798419e-05	0.000565034785191341	0.000114194358798675
ctarjeta_master_descuentos_lag1	5.18079331840667e-05	5.8098126658712e-05	4.56777435194701e-05
mforex_sell_rank	5.16661171714023e-05	0.000167894613666594	0.000114194358798675
ctarjeta_visa_descuentos_lag1	4.99002539179355e-05	0.000481389204313085	0.00013703323055841
Master_mconsumosdolares_rank_lag1	4.9745698862437e-05	0.000506544944134857	0.00013703323055841
cforex_lag1	4.90504503632487e-05	0.000379301286112706	9.13554870389403e-05
Master_msaldodolares_rank_lag1	4.77605046484884e-05	0.0015489737114539	0.000159872102318146
cforex	4.76423067327638e-05	0.000225822026956006	0.000114194358798675
cforex_delta1	4.60759461412292e-05	0.000272961413993271	0.000114194358798675
cforex_buy_delta1	4.5573358673892e-05	0.000572736737201584	6.85166152792052e-05
mcheques_emitidos_rank_lag1	4.35427742202339e-05	0.00132887918420586	0.000114194358798675
mforex_sell_rank_delta1	4.3537919071954e-05	0.000641931232864745	0.00013703323055841
ccheques_emitidos_lag1	4.32362366578904e-05	0.000430754824963268	6.85166152792052e-05
cpagodeservicios	3.98907629393106e-05	0.00113604189158925	0.000159872102318146
mcheques_depositados_rank	3.77889368925739e-05	0.000364334090711357	9.13554870389403e-05
mcheques_emitidos_rechazados_rank_lag1	3.73859241514546e-05	9.41596717238548e-05	6.85166152792052e-05
mtarjeta_master_descuentos_rank	3.70491435553822e-05	0.000167668319200313	6.85166152792052e-05
mcajeros_propios_descuentos_rank_lag1	3.62282016775414e-05	6.09221757291345e-05	4.56777435194701e-05
mcheques_emitidos_rechazados_rank_delta1	3.5721704342015e-05	0.0022773944246591	9.13554870389403e-05
Master_status_delta1	3.53648388027471e-05	0.000781086449313734	0.00013703323055841
Master_mconsumosdolares_rank_delta1	3.34640903200772e-05	0.000114008740143381	0.000114194358798675
ccheques_emitidos_delta1	3.3379019629374e-05	0.000244896930096152	6.85166152792052e-05
mtarjeta_master_descuentos_rank_delta1	3.25051217378451e-05	6.66523221559994e-05	4.56777435194701e-05
ctarjeta_master_delta1	3.10270467210501e-05	0.000692917625828775	9.13554870389403e-05
mforex_buy_rank_lag1	2.93931873994965e-05	4.31521050085937e-05	2.28388717597351e-05
tcuentas	2.93357828096105e-05	0.00137619854812858	6.85166152792052e-05
Master_delinquency	2.84868357385424e-05	2.14900341399213e-05	4.56777435194701e-05
ctarjeta_master_debitos_automaticos_delta1	2.69426125733634e-05	5.91052032016321e-05	6.85166152792052e-05
cseguro_auto_delta1	2.45562103505739e-05	0.00242136269943477	9.13554870389403e-05
cpagodeservicios_lag1	2.3681270335743e-05	0.000373815961184449	9.13554870389403e-05
mforex_sell_rank_lag1	2.09192470364961e-05	0.000217216220440093	0.00013703323055841
cinversion2_lag1	1.80974638527045e-05	0.000742150567518996	6.85166152792052e-05
Master_cadelantosefectivo	1.76246083805764e-05	3.16812252792484e-06	4.56777435194701e-05
cseguro_vivienda_delta1	1.74052904117947e-05	0.000418495223000572	4.56777435194701e-05
cseguro_vida_delta1	1.63417130915828e-05	9.33735962094073e-05	2.28388717597351e-05
ccajas_depositos	1.43410503667722e-05	6.37991591776344e-05	4.56777435194701e-05
mpagodeservicios_rank	1.4113567640026e-05	0.000180007322730126	4.56777435194701e-05
cforex_sell_lag1	1.40779835479108e-05	0.000474634777670425	9.13554870389403e-05
Master_mpagosdolares_rank_lag1	1.37953222610937e-05	4.10757540285126e-05	9.13554870389403e-05
ccajeros_propios_descuentos_lag1	1.31135296306716e-05	4.11366285633015e-05	2.28388717597351e-05
mpagodeservicios_rank_delta1	1.23294483949407e-05	0.000113973009438178	6.85166152792052e-05
cforex_sell_delta1	1.21098067794818e-05	0.000181009105835238	4.56777435194701e-05
cplazo_fijo_lag1	1.11621812759974e-05	4.56982485941106e-05	2.28388717597351e-05
mpayroll2_rank_lag1	1.03102004431087e-05	0.000161629830021148	2.28388717597351e-05
mcuenta_corriente_adicional_rank_lag1	9.35506323806663e-06	3.09202935943876e-05	2.28388717597351e-05
minversion1_dolares_rank_lag1	9.24599575958687e-06	0.00031545977943261	2.28388717597351e-05
mcajeros_propios_descuentos_rank	8.26857219293004e-06	1.20597746854549e-05	2.28388717597351e-05
Master_Finiciomora_delta1	8.20986939579872e-06	6.23249367481823e-05	2.28388717597351e-05
tcuentas_delta1	7.0191293160382e-06	0.000176278095794582	2.28388717597351e-05
Master_mconsumosdolares_rank	6.99570625624271e-06	5.63804060901044e-05	0.000114194358798675
cforex_buy_lag1	6.0953422066235e-06	3.82980225389077e-05	2.28388717597351e-05
mpagodeservicios_rank_lag1	3.57724853362349e-06	0.00013207921345951	4.56777435194701e-05
Visa_madelantopesos_rank_delta1	2.64126306179471e-06	5.32784515347762e-05	2.28388717597351e-05
ctarjeta_master	3.16595431215502e-07	4.72452557934189e-05	9.13554870389403e-05
ctarjeta_master_lag1	7.2836301043982e-09	1.18175999057514e-06	2.28388717597351e-05
