Feature	Gain	Cover	Frequency
ctrx_quarter	0.130911809123436	0.0125542690512901	0.0126475662604774
cpayroll_trx	0.0335690011961527	0.00712400500102491	0.00305660838733341
ctrx_quarter_lag1	0.0325142471803152	0.00926760599406646	0.0104875630000951
mcuentas_saldo_rank	0.0303716349677527	0.00962824486580712	0.0135577563135944
mprestamos_personales_rank	0.0278127034148486	0.0103889792358217	0.00273057015935118
mpayroll_rank	0.0223748878389413	0.0122039124032261	0.00721359579410686
mpasivos_margen_rank	0.0195309865859741	0.00902031585479181	0.0142505875480567
mcaja_ahorro_rank	0.0147249438476242	0.00561161304747576	0.0110852997513959
mtarjeta_visa_consumo_rank	0.0141697801900011	0.0104352667937639	0.00794718180706688
mcaja_ahorro_rank_lag1	0.0137939857968185	0.00511731178185909	0.00936001412832321
mcuenta_corriente_rank	0.0124473779127873	0.00764722952167039	0.00884378693401801
mrentabilidad_annual_rank_lag1	0.0104018083234122	0.00667549623538435	0.0106777519664181
cliente_edad_lag1	0.00975745668466564	0.0102095058858612	0.0133403974949396
ctarjeta_master	0.00958341341150255	0.000246083616424614	0.000285283449484452
numero_de_cliente	0.0093987535025803	0.00980317728933624	0.013815869910747
mactivos_margen_rank	0.00914170035706246	0.0111743760330198	0.00934642920215729
mrentabilidad_annual_rank	0.00909585326532573	0.00634574348008179	0.00918341008816617
mrentabilidad_annual_rank_delta1	0.00897654561816637	0.00604522194349892	0.011248318865387
ctrx_quarter_delta1	0.00854048080459925	0.006388186015444	0.0104875630000951
mcuentas_saldo_rank_delta1	0.00805573505128838	0.00918782675144377	0.0128785100052981
cliente_edad	0.00746856251987856	0.00698906660247907	0.0119954898045129
Visa_Fvencimiento	0.00738847320362068	0.00597037410065949	0.010324543886104
chomebanking_transacciones	0.00722083184968805	0.0058479008129623	0.00926491964516173
mcomisiones_mantenimiento_rank	0.0068742125927499	0.00742339890557398	0.00862642811536319
Visa_Fvencimiento_lag1	0.00678953017094573	0.00514067504376616	0.00968605235630544
mrentabilidad_rank	0.00677489117679397	0.00330868626090825	0.00722718072027279
Master_Fvencimiento	0.00672559781510275	0.00483493477112439	0.0097132222086373
Master_fechaalta_lag1	0.00652131594819454	0.00571947959198282	0.0109222806374047
Master_Fvencimiento_lag1	0.0065150723417549	0.00594786018162256	0.00873510752469061
Visa_fechaalta	0.00629551530693514	0.00509271992214883	0.0092513347189958
ccomisiones_mantenimiento_delta1	0.00616215805078923	0.0024762806700031	0.00120905842876744
Visa_msaldopesos_rank	0.00605587439589865	0.0065624540190713	0.00633057559332165
mcuenta_corriente_rank_lag1	0.00603529448713553	0.00648616370470211	0.00683321786146092
Master_mlimitecompra_rank_delta1	0.00601769312830686	0.00594585606538276	0.0107049218187499
Master_fechaalta	0.00595661458761324	0.00584966101906385	0.00993058102729212
mtransferencias_recibidas_rank	0.00594282890379762	0.0037542337258644	0.00740378476042983
mprestamos_personales_rank_lag1	0.00589431915095786	0.00344640465601496	0.00161660621374523
Master_mfinanciacion_limite_rank_delta1	0.00586383144432495	0.00588415150490397	0.0099713358057899
mpasivos_margen_rank_lag1	0.00581581568258321	0.00636613024215636	0.00929208949749358
Visa_fechaalta_lag1	0.00578892020364678	0.00531005326432518	0.00834114466587874
Visa_mfinanciacion_limite_rank_delta1	0.00574191927263818	0.00725184684495493	0.00986265639646249
Visa_mlimitecompra_rank_delta1	0.00570167854065677	0.00454085260694509	0.00944152368531877
chomebanking_transacciones_lag1	0.00568032493068283	0.00452270446225213	0.00836831451821059
Visa_mpagominimo_rank	0.00562113392589389	0.00550602890837217	0.00811020092105799
cproductos_delta1	0.00551006054904691	0.0073899064971245	0.00148075695208597
mcuenta_corriente_rank_delta1	0.00548104306490867	0.00661045944263108	0.00768906820991428
mactivos_margen_rank_lag1	0.00545491888327905	0.00551688942344486	0.00753963402208909
Visa_status	0.00530715588980402	0.00218161442427611	0.00084226542228743
cliente_antiguedad	0.00522813438501714	0.00691490489261015	0.0101615247721129
mpasivos_margen_rank_delta1	0.0052081170525053	0.00504175138848226	0.00802869136406244
ctarjeta_visa_transacciones	0.00520420565596654	0.00548735385987908	0.00771623806224613
mactivos_margen_rank_delta1	0.00509365506747487	0.00436893866184792	0.00857208841069949
Visa_msaldototal_rank_lag1	0.0050926937435053	0.00218061272804069	0.00380377932645936
mcomisiones_mantenimiento_rank_delta1	0.0049254724877811	0.0066499732469119	0.00646642485498091
cliente_antiguedad_lag1	0.00486777154803119	0.00688394820869881	0.00850416377986986
mcuentas_saldo_rank_lag1	0.00481386897579997	0.00410651089485375	0.00772982298841206
Visa_mpagospesos_rank_delta1	0.0047375482785848	0.00434042252685699	0.00825963510888318
Master_mfinanciacion_limite_rank_lag1	0.00472736043528763	0.00454822057491949	0.00728152042493649
mrentabilidad_rank_delta1	0.0046509952212788	0.00422187930459212	0.00812378584722392
Master_mfinanciacion_limite_rank	0.00458665770313295	0.00374318430709413	0.00729510535110242
mrentabilidad_rank_lag1	0.00455214079781133	0.00620654932007333	0.00702340682778389
mcaja_ahorro_rank_delta1	0.00452750091047576	0.00495252696098078	0.00760755865291872
Visa_mfinanciacion_limite_rank_lag1	0.0044612555762653	0.00330313495301397	0.0058415182513483
Visa_mpagominimo_rank_lag1	0.00444700576175336	0.00414755691801491	0.00684680278762685
Visa_mpagospesos_rank_lag1	0.00442627413945206	0.00564052834104605	0.00736302998193205
chomebanking_transacciones_delta1	0.00440264723278435	0.00454625807539468	0.00684680278762685
Master_mlimitecompra_rank_lag1	0.00437219925218859	0.00469474289560977	0.00692831234462241
cdescubierto_preacordado_delta1	0.0043296223289235	0.00358172411891625	0.000516227194305199
mcomisiones_rank	0.00427994099698205	0.00337782392856751	0.00577359362051867
Visa_msaldototal_rank	0.00424585018634769	0.00414518440337639	0.00593661273450979
Master_mlimitecompra_rank	0.00423665235370668	0.00371491425354832	0.00699623697545204
Visa_mlimitecompra_rank_lag1	0.00420387103672496	0.00367183552527359	0.00608604692233498
ccomisiones_otras	0.00413002891398485	0.00609714874726354	0.0047547241580742
Visa_mlimitecompra_rank	0.00409505261479198	0.00335652956022183	0.00586868810368016
Visa_mpagominimo_rank_delta1	0.00408668927899991	0.00491864697425524	0.00721359579410686
mtransferencias_recibidas_rank_lag1	0.00402493699024331	0.00471136967795673	0.00736302998193205
Visa_cconsumos_lag1	0.00399078254885806	0.00313758329892653	0.0060452921438372
mcomisiones_mantenimiento_rank_lag1	0.003871612922504	0.00521052128123357	0.00586868810368016
mcomisiones_otras_rank	0.00386997481026198	0.00405583367819205	0.0063577454456535
Visa_mconsumospesos_rank_lag1	0.00381818853895085	0.00307306689605279	0.0060452921438372
Visa_mfinanciacion_limite_rank	0.00380318778950439	0.00371070083256963	0.00586868810368016
Visa_mconsumospesos_rank	0.00361910526269545	0.00437360299088633	0.00616755647933054
cpayroll_trx_lag1	0.00361550054192365	0.00266473165009666	0.0015486815829156
mcomisiones_rank_delta1	0.00358761686632281	0.0029768432608601	0.00581434839901645
mcomisiones_otras_rank_lag1	0.00356543576827567	0.00304382264949189	0.0053252910570431
mcomisiones_otras_rank_delta1	0.0035080489718285	0.00262493702346082	0.00595019766067571
mcaja_ahorro_dolares_rank_delta1	0.00349400766227326	0.00381832057186262	0.00365434513863417
Visa_mconsumospesos_rank_delta1	0.00347897066925356	0.00272470278392529	0.00562415943269348
Visa_mpagospesos_rank	0.00340624658970506	0.00320660045905459	0.0053252910570431
mcomisiones_rank_lag1	0.0033277213045757	0.00303495213716435	0.00551548002336607
ccomisiones_otras_lag1	0.00329396023155655	0.0055955269205391	0.00574642376818682
Master_status	0.00327492366433596	0.00229289643448762	0.000597736751300757
cproductos	0.00323771196963618	0.00436934107738758	0.0044422708562579
mcaja_ahorro_dolares_rank_lag1	0.00322307731561617	0.0060149180991861	0.00581434839901645
mtransferencias_recibidas_rank_delta1	0.00321327997034439	0.00357162573255447	0.00582793332518238
mcaja_ahorro_dolares_rank	0.00314865779038234	0.00376139216272598	0.00563774435885941
Visa_msaldopesos_rank_delta1	0.00299134847923688	0.00353903079761071	0.00483623371506976
mcuenta_debitos_automaticos_rank	0.00292393949713617	0.00536738951726866	0.0034641561723112
Visa_cconsumos	0.00282573288532162	0.00309213856993389	0.0047003844534105
tcallcenter	0.00272716666613829	0.000923812905578614	0.000747170939125946
Visa_msaldopesos_rank_lag1	0.00268241904912811	0.00324975445930076	0.00400755321894826
ctransferencias_recibidas	0.00263797263356233	0.00415138022752619	0.0041841572591053
mtransferencias_emitidas_rank	0.00256672753749364	0.00560635233281741	0.00638491529798536
cdescubierto_preacordado	0.00255884144087819	0.00221881144412805	0.000652076455964462
Visa_msaldototal_rank_delta1	0.00254732422499764	0.00343988096452799	0.00445585578242382
cprestamos_personales	0.00254488600136665	0.00368037201822783	0.000978114683946693
mprestamos_personales_rank_delta1	0.0024039240640745	0.00862609880798036	0.00210566355571857
ccajas_transacciones	0.00237530512409763	0.00035659734588908	0.000353208080314084
internet_lag1	0.00235069370244718	0.00266917342018103	0.0010867940932741
ctarjeta_visa_transacciones_lag1	0.00231475029537752	0.00296062178912863	0.00400755321894826
Visa_cconsumos_delta1	0.00231357716905895	0.0059348247408364	0.00436076129926234
mautoservicio_rank	0.00229933698618723	0.00709345724657385	0.00601812229150535
mtransferencias_emitidas_rank_delta1	0.00228090766580028	0.00422817356131996	0.00376302454796158
mttarjeta_visa_debitos_automaticos_rank_lag1	0.00227817078151381	0.00229215312376957	0.00385811903112307
Visa_mconsumototal_rank_delta1	0.00227184098270508	0.00330405594901078	0.0041841572591053
ccomisiones_mantenimiento	0.00223278976587352	0.00341244794978006	0.00168453084457486
mtarjeta_visa_consumo_rank_delta1	0.00216317514268992	0.00304650710855054	0.00365434513863417
mpayroll_rank_lag1	0.00215339465906239	0.00427743255271193	0.00509434731222236
ccaja_seguridad	0.00214267897430923	0.00337658338857654	0.000543397046637052
mttarjeta_visa_debitos_automaticos_rank	0.0021060551364142	0.00216695629349009	0.00373585469562973
mcuenta_debitos_automaticos_rank_lag1	0.00210081793756822	0.00312936490242856	0.00311094809199712
mttarjeta_visa_debitos_automaticos_rank_delta1	0.00206090916334127	0.00314750761885434	0.00338264661531565
ctarjeta_master_transacciones	0.00205384892454914	0.00373163223078377	0.00115471872410373
thomebanking	0.00204849236125134	0.00138417013091711	0.00126339813343114
ctarjeta_debito_transacciones_delta1	0.00202730067509348	0.00348658179454417	0.00319245764899268
Visa_fultimo_cierre	0.00202412677360362	0.00156282887891738	0.00330113705832009
ctarjeta_debito_transacciones_lag1	0.00200285867921268	0.00488765337812713	0.004238496963769
cproductos_lag1	0.00191569563354373	0.00362471382360937	0.00308377823966527
Master_fultimo_cierre_lag1	0.00191497248859078	0.00185874036913355	0.00326038227982231
mautoservicio_rank_delta1	0.00190792358462914	0.00398561180463636	0.00343698631997935
mtransferencias_emitidas_rank_lag1	0.00188119566253896	0.00458989663895705	0.00433359144693049
ccallcenter_transacciones_delta1	0.00186915442918764	0.00224924846192881	0.00107320916710818
Master_fultimo_cierre	0.00186355960471971	0.00241898169116087	0.00313811794432897
Master_mpagominimo_rank_lag1	0.00185793918663125	0.00287120339154688	0.00190188966322968
Visa_mconsumototal_rank	0.00185322931080685	0.00244085616032497	0.00331472198448601
mpayroll_rank_delta1	0.00185164247776321	0.00621067299370144	0.00483623371506976
ctarjeta_debito_transacciones	0.00182895675840213	0.00422942351030737	0.00436076129926234
ctarjeta_visa_transacciones_delta1	0.00182831946796701	0.00638278344207023	0.00282566464251267
cmobile_app_trx_lag1	0.00182789737065089	0.00162193764203466	0.00191547458939561
mpagomiscuentas_rank	0.00182365261168061	0.00346887551079899	0.00334189183681787
mautoservicio_rank_lag1	0.00182233412420551	0.00248673768388269	0.00404830799744603
mcuenta_debitos_automaticos_rank_delta1	0.00178539043975481	0.00414981471527387	0.00260830582385785
Visa_mconsumototal_rank_lag1	0.00176880242811436	0.00211233345036352	0.00288000434717637
mpagomiscuentas_rank_lag1	0.00173763724081225	0.00505932847946875	0.00342340139381342
Visa_fultimo_cierre_lag1	0.00173128397529645	0.00191115390752124	0.00288000434717637
mtarjeta_visa_consumo_rank_lag1	0.00170032149803594	0.00184410576083861	0.00332830691065194
ctransferencias_recibidas_lag1	0.00165248895109715	0.0017451755916341	0.00286641942101045
ctarjeta_debito	0.00161624940794102	0.0021785127124142	0.00241811685753488
Visa_mconsumosdolares_rank_lag1	0.00155009674223492	0.0019095489498608	0.00210566355571857
ctarjeta_debito_lag1	0.00153056990984563	0.00221990144017613	0.00229585252204154
cmobile_app_trx	0.0014872792131587	0.00069658093727241	0.00177962532773634
Master_msaldopesos_rank_delta1	0.00147560837285653	0.00270061321987065	0.00205132385105487
foto_mes	0.00143890127106624	0.0017235674694459	0.0023230223743734
Master_mpagospesos_rank_lag1	0.00140177865801866	0.00233060298768474	0.00244528670986673
Master_mpagospesos_rank_delta1	0.00139872703946749	0.00161887573746533	0.0018611348847319
ccaja_ahorro	0.00136046317829474	0.0022863702098093	0.0010867940932741
Master_mpagominimo_rank	0.0012851105891111	0.00319804406245405	0.00172528562307264
internet	0.00122371448739786	0.00268151874726743	0.000801510643789651
Master_msaldopesos_rank	0.0012100996614182	0.00261139313498291	0.00141283232125633
ccomisiones_otras_delta1	0.00120271377997004	0.0012799636860217	0.00222792789121191
Visa_mconsumosdolares_rank	0.00118521083772198	0.00217192967187282	0.00179321025390227
ctransferencias_recibidas_delta1	0.00115227252733688	0.00343456596719793	0.00198339922022524
Master_msaldopesos_rank_lag1	0.00112990285105799	0.00181088150878741	0.00131773783809485
ctarjeta_visa_debitos_automaticos_lag1	0.00112271427711533	0.000698565511750389	0.00169811577074079
Master_mpagospesos_rank	0.00107164206577813	0.00367870915905089	0.00176604040157042
ctransferencias_emitidas_lag1	0.00106896769157704	0.00155918180714694	0.00218717311271413
Master_msaldototal_rank_delta1	0.0010687718699832	0.00338492554956603	0.00173887054923856
ctransferencias_emitidas	0.00106134382046271	0.00165237393606647	0.0023773620790371
ccomisiones_mantenimiento_lag1	0.00104745095485067	0.00387264015579654	0.00138566246892448
ccajas_consultas	0.00103449161899044	0.00335832016461954	0.000692831234462241
mextraccion_autoservicio_rank_lag1	0.00102179083784295	0.00131538493873953	0.00235019222670525
mpagomiscuentas_rank_delta1	0.00101382818443688	0.00208932374959157	0.0020649087772208
Master_msaldototal_rank	0.000992705791091419	0.00367746970471335	0.0016030212875793
ctarjeta_visa_debitos_automaticos	0.000974960013678058	0.00163043541334974	0.00179321025390227
Master_mconsumospesos_rank	0.000967563676759192	0.00218597730354426	0.00152151173058374
Master_mconsumospesos_rank_lag1	0.000957475916468186	0.00267320734645857	0.00165736099224301
cprestamos_personales_lag1	0.000938833918626598	0.00200314566562686	0.000774340791457798
matm_rank_lag1	0.000926591756921777	0.00125313284704535	0.00171170069690671
cpagomiscuentas_lag1	0.000889640328825241	0.00172536820660899	0.00161660621374523
Visa_mpagado_rank_delta1	0.000854102305959196	0.00425560440476103	0.00130415291192892
ccallcenter_transacciones	0.00085211688233356	0.000644483324034115	0.00047547241580742
Master_mpagominimo_rank_delta1	0.000839128215355227	0.00153839805779988	0.00141283232125633
matm_rank_delta1	0.000822199052926478	0.00147211384925055	0.00146717202592004
mextraccion_autoservicio_rank_delta1	0.000817497073158148	0.00180278796243438	0.00179321025390227
thomebanking_lag1	0.000781740884161995	0.000334997908928348	0.000896605126951135
ccajas_consultas_delta1	0.00077013645394518	0.00365984050236201	0.000706416160628167
Master_msaldototal_rank_lag1	0.000756408007877175	0.00339362127169064	0.00131773783809485
mtarjeta_master_consumo_rank	0.000752688006031858	0.00284599162372561	0.00095094483161484
ctarjeta_visa	0.000750169307314501	0.000402784661830812	0.000448302563475568
Visa_mconsumosdolares_rank_delta1	0.000730933565100252	0.00220332894050089	0.00145358709975411
cextraccion_autoservicio_lag1	0.000727979949669674	0.0029145368864942	0.00153509665674967
cpagomiscuentas	0.000726172399143857	0.00208669176378225	0.00165736099224301
Visa_status_lag1	0.000705394594796918	0.00141313029816269	0.000230943744820747
Master_fultimo_cierre_delta1	0.000698765300039532	0.00049187121134613	0.00114113379793781
ccuenta_debitos_automaticos	0.00068323803896892	0.00158540866092932	0.00111396394560596
Visa_mpagado_rank	0.000682037094294453	0.00208124033600393	0.00104603931477632
mplazo_fijo_dolares_rank	0.000674468642141169	0.00474724292438773	0.000720001086794093
cplazo_fijo	0.000662047957289105	0.00429686719672458	0.000448302563475568
cextraccion_autoservicio	0.000659025047496322	0.00180983602453014	0.00116830365026966
matm_rank	0.000652371129722335	0.00210552025129406	0.00156226650908152
mtarjeta_master_consumo_rank_lag1	0.000646909792266491	0.00312955742497091	0.000978114683946693
ctarjeta_master_transacciones_lag1	0.000641471500862818	0.00158827225280464	0.000706416160628167
thomebanking_delta1	0.000617135406588277	0.00142394811086696	0.000774340791457798
mextraccion_autoservicio_rank	0.000604988711196988	0.00069368694710093	0.00130415291192892
Master_status_delta1	0.00059219595120002	0.000741205274153166	0.000326038227982231
Visa_fultimo_cierre_delta1	0.000590530881163961	0.000349901397390531	0.000883020200785209
ctransferencias_emitidas_delta1	0.000583201914948499	0.00267443956310655	0.00123622828109929
ccuenta_debitos_automaticos_lag1	0.000561812454026136	0.00169906210012591	0.0010867940932741
minversion2_rank	0.000541134108492267	0.00687416321429508	0.000665661382130388
Master_mconsumospesos_rank_delta1	0.000541036896096459	0.00105264956993897	0.00111396394560596
Master_mconsumototal_rank_delta1	0.000538069789573909	0.000963913324598463	0.000964529757780767
mplazo_fijo_dolares_rank_delta1	0.000537155800358107	0.00304742629512495	0.000556981972802978
Visa_msaldodolares_rank_lag1	0.000513235769334582	0.00362423215536899	0.00095094483161484
Visa_Finiciomora_lag1	0.000504279074047971	0.00375197375729857	0.000611321677466683
catm_trx_lag1	0.000474220931184932	0.000451637618838335	0.000747170939125946
Master_cconsumos_lag1	0.000462668713168826	0.000325413036641012	0.000747170939125946
ccuenta_debitos_automaticos_delta1	0.000447732270715409	0.00298497914769707	0.000624906603632609
Visa_mpagado_rank_lag1	0.000445718667739646	0.00168969327287201	0.000692831234462241
Master_cconsumos	0.000438878144431286	0.00120551427799267	0.000787925717623725
mtarjeta_master_consumo_rank_delta1	0.000433079436105832	0.00352208519503853	0.000964529757780767
mprestamos_prendarios_rank	0.000422206174886369	0.00388531552152697	0.000393962858811862
mttarjeta_master_debitos_automaticos_rank_lag1	0.000418630194532187	0.0021551284612074	0.000747170939125946
ccaja_seguridad_lag1	0.000418304788905619	0.000219982698440617	9.5094483161484e-05
catm_trx	0.000408329680158184	0.00102374694232541	0.000801510643789651
Master_mconsumototal_rank	0.000399128345266486	0.000699356229335069	0.000692831234462241
Visa_msaldodolares_rank	0.000379488508770444	0.00221086988925583	0.000652076455964462
Master_cconsumos_delta1	0.000358266875153566	0.00078132776812618	0.000624906603632609
ccajas_depositos_delta1	0.000356346914722164	0.0069210171214455	0.000652076455964462
cpagomiscuentas_delta1	0.00035539800266437	0.00173336549169084	0.000720001086794093
Master_mconsumototal_rank_lag1	0.000345936731991401	0.000651528129169566	0.000679246308296314
mttarjeta_master_debitos_automaticos_rank	0.000338963237817569	0.00298838339498269	0.000570566898968904
matm_other_rank_lag1	0.000337997097294524	0.00124317487186108	0.000828680496121504
ccaja_ahorro_lag1	0.000330620667605198	0.00117418195799306	0.000543397046637052
ctarjeta_visa_debitos_automaticos_delta1	0.000324808767855924	0.00160807565710049	0.000665661382130388
matm_other_rank	0.000312449585615782	0.00109382225266747	0.000570566898968904
matm_other_rank_delta1	0.000308082280189767	0.0016038293046343	0.000652076455964462
Master_status_lag1	0.00030431454947129	0.000696769117201029	9.5094483161484e-05
cseguro_accidentes_personales_lag1	0.000297586081962175	0.000702895821415505	0.000380377932645936
mttarjeta_master_debitos_automaticos_rank_delta1	0.000296721221851815	0.00345610279814395	0.000624906603632609
ccallcenter_transacciones_lag1	0.000296030528809884	0.00048220455316674	0.000339623154148157
cdescubierto_preacordado_lag1	0.000288652099252195	0.000318990672807917	0.000393962858811862
cextraccion_autoservicio_delta1	0.000287308804395615	0.00101495640646753	0.000801510643789651
Visa_status_delta1	0.000286831269849302	0.000902597789933639	0.000285283449484452
tcallcenter_lag1	0.000285279307861654	0.000585742235546596	0.000285283449484452
cliente_edad_delta1	0.000280474150943926	0.000838267757566123	0.00036679300648001
catm_trx_delta1	0.000275079149850979	0.000814207868038692	0.000624906603632609
mplazo_fijo_dolares_rank_lag1	0.000269364852937999	0.00117666086666814	0.000353208080314084
cprestamos_personales_delta1	0.000262924357694817	0.00292768885408231	0.000448302563475568
tcuentas	0.000231629747494044	0.00156177398566367	0.0002581135971526
mprestamos_prendarios_rank_lag1	0.000230285478691668	0.00132326678267286	0.000163019113991115
cseguro_accidentes_personales	0.000224674890384349	0.000620090862671296	0.00036679300648001
mcaja_ahorro_adicional_rank	0.000222195517885331	0.00228819012684974	0.000421132711143715
tcuentas_lag1	0.000219919351018802	0.00155735501430142	0.000298868375650378
active_quarter	0.000216579372864125	9.40443668654836e-05	0.000271698523318526
catm_trx_other_delta1	0.000215867758299223	0.000761856935665717	0.000407547784977789
mtarjeta_visa_descuentos_rank_delta1	0.000215829673860092	0.00224433551825393	0.000421132711143715
cseguro_vivienda_lag1	0.000215679475455291	0.00186579458326544	0.000353208080314084
ccajas_extracciones	0.000215271070637409	0.00199638566357569	0.000380377932645936
Visa_mpagosdolares_rank_delta1	0.000213433386442927	0.00151372694538891	0.000448302563475568
Master_fechaalta_delta1	0.000212275780346088	0.000140003333701525	0.000244528670986673
minversion1_pesos_rank	0.00021108655294739	0.00191693103132986	0.000176604040157042
active_quarter_lag1	0.000210091675653922	6.3352220507651e-05	0.000190188966322968
catm_trx_other	0.000206614260281146	0.00103850422945843	0.0002581135971526
ccajas_consultas_lag1	0.00018891550510492	0.00212463209435223	0.00036679300648001
Visa_Finiciomora	0.000188536590349796	0.00369971329604513	0.00047547241580742
Visa_Fvencimiento_delta1	0.000188058523744216	0.00029089975207877	0.00036679300648001
tcallcenter_delta1	0.000182915803473997	0.000303745203513917	0.000217358818654821
ctarjeta_master_transacciones_delta1	0.000181676452925945	0.00146129929350658	0.000380377932645936
cprestamos_prendarios	0.000177137455888818	0.00112300244567574	0.000135849261659263
Master_Fvencimiento_delta1	0.000172732186523082	6.98766357635742e-05	0.000271698523318526
Master_mpagado_rank_lag1	0.00017223237679539	0.00100914200855767	0.000298868375650378
Master_Finiciomora_lag1	0.000169429911681973	0.00208678368243969	0.000271698523318526
Visa_mpagosdolares_rank_lag1	0.000164612620888194	0.000710203716566546	0.000298868375650378
ctarjeta_visa_descuentos_delta1	0.000160553642552265	0.00157352690785939	0.000312453301816305
ccajas_extracciones_lag1	0.000160537944117581	0.00284189400577992	0.000353208080314084
mtarjeta_visa_descuentos_rank	0.000159471964025594	0.00179764775530725	0.000353208080314084
internet_delta1	0.000156373467530897	0.00117670682599686	0.000312453301816305
ctarjeta_debito_delta1	0.000153699281082512	0.00282700969719508	0.000244528670986673
Master_mpagado_rank	0.000151807712448293	0.0018682192092688	0.000326038227982231
ccajas_transacciones_delta1	0.000150137743902552	0.000653555406015963	0.000271698523318526
catm_trx_other_lag1	0.000150103689264268	0.00159173150653093	0.000298868375650378
mprestamos_hipotecarios_rank_lag1	0.000143736962980976	0.00171266099504449	0.000149434187825189
cseguro_vida_lag1	0.000139020229397417	0.000426438878858277	0.000230943744820747
minversion1_pesos_rank_lag1	0.000138506678846205	0.00239812266984236	0.000230943744820747
Visa_mpagosdolares_rank	0.000136655243262893	0.000194756817124702	0.000312453301816305
ccaja_ahorro_delta1	0.000136409939509281	0.00316241834500609	0.0002581135971526
mcaja_ahorro_adicional_rank_lag1	0.000132908256766918	0.00112805073414543	0.000271698523318526
Visa_msaldodolares_rank_delta1	0.000124679219741784	0.000992513778672794	0.00036679300648001
cpayroll_trx_delta1	0.000119356230359431	0.000710755952280148	0.000556981972802978
ctarjeta_master_debitos_automaticos	0.000116705311842648	0.00119446956372062	0.000190188966322968
minversion2_rank_lag1	0.000116003568979011	0.000950162076314596	0.000149434187825189
minversion1_pesos_rank_delta1	0.000114423504152966	0.00238419446004869	0.000244528670986673
ctarjeta_master_delta1	0.000112846579396373	0.00034511909401225	6.79246308296314e-05
cseguro_auto	0.000109283988775362	0.0024212083663547	0.000230943744820747
ccajas_otras_delta1	0.000102474459295081	0.000795037761579541	0.000135849261659263
Master_Finiciomora	0.000102276313577164	0.00364782050942144	0.000312453301816305
cmobile_app_trx_delta1	0.000102221910579969	0.000423016175464272	0.000190188966322968
Master_mconsumosdolares_rank	0.000101770376157699	0.000787568104066784	0.000190188966322968
Visa_fechaalta_delta1	0.000100824387621461	3.93636222224082e-05	0.000135849261659263
ccheques_emitidos	9.89133281176906e-05	0.0012678995431748	0.00010867940932741
active_quarter_delta1	9.81779171843982e-05	0.00226136254483369	0.000312453301816305
Master_mpagado_rank_delta1	9.79059176698179e-05	0.000470995543341626	0.000190188966322968
Master_msaldodolares_rank	9.43544148832397e-05	0.00140802519382993	0.000149434187825189
mcheques_emitidos_rank	9.18154022206746e-05	0.00110464585552339	0.000176604040157042
cseguro_vivienda	8.25610045486867e-05	0.000334716000919897	0.000122264335493337
cseguro_vida	7.73387967865957e-05	0.000399715881456403	0.000163019113991115
Master_msaldodolares_rank_delta1	7.41624043718123e-05	0.00044256300366514	9.5094483161484e-05
ccajas_otras	7.34826623853585e-05	0.00130147446128529	0.000203773892488894
Master_mconsumosdolares_rank_lag1	7.24079349243202e-05	0.000917356886489054	0.000163019113991115
cseguro_auto_lag1	6.93214049311316e-05	0.000843483960433663	0.00010867940932741
cplazo_fijo_lag1	6.92952688852255e-05	0.000181473123586559	6.79246308296314e-05
mtarjeta_visa_descuentos_rank_lag1	6.79533722083689e-05	0.000694694433488	0.000217358818654821
mcheques_depositados_rank_lag1	6.6409057939731e-05	0.000829072634861716	0.000163019113991115
ccajas_otras_lag1	6.54334654870995e-05	0.000573764583089968	6.79246308296314e-05
minversion2_rank_delta1	6.19456584638061e-05	0.00131536431132428	0.000163019113991115
Master_delinquency	5.76324120088873e-05	0.000312535739371792	6.79246308296314e-05
ctarjeta_master_debitos_automaticos_lag1	5.45418966815191e-05	0.000513362444847905	9.5094483161484e-05
Master_mpagosdolares_rank	5.30023198548372e-05	2.3587268399014e-05	0.000122264335493337
Master_mpagosdolares_rank_lag1	5.29821882391983e-05	3.275380222965e-05	0.000135849261659263
Master_mpagosdolares_rank_delta1	5.2589301700306e-05	2.86529273236584e-05	8.15095569955577e-05
ccajas_depositos_lag1	5.1964825848731e-05	0.000738580164148925	0.00010867940932741
Master_msaldodolares_rank_lag1	5.07822854088474e-05	7.84996191080825e-05	6.79246308296314e-05
mcheques_depositados_rank_delta1	4.47193039467444e-05	0.000875781064451933	0.000135849261659263
ccheques_depositados_lag1	4.44522987363902e-05	0.000506122945863228	5.43397046637052e-05
Visa_delinquency_lag1	4.41511725774375e-05	0.000233399927351184	9.5094483161484e-05
Visa_delinquency	4.30980624048746e-05	0.000127011680937221	5.43397046637052e-05
Master_mconsumosdolares_rank_delta1	4.15617444485356e-05	1.70092942403298e-05	8.15095569955577e-05
ccajas_transacciones_lag1	4.04488808143384e-05	0.000137951810595095	0.000135849261659263
cinversion2_lag1	3.75419504200229e-05	0.00071342702161311	9.5094483161484e-05
ccheques_depositados_delta1	3.73065359261061e-05	0.00130144008225987	0.000122264335493337
cprestamos_hipotecarios	3.63467395378757e-05	0.000887420354921524	6.79246308296314e-05
cforex_delta1	3.63050845820911e-05	0.000286060994721904	6.79246308296314e-05
mprestamos_hipotecarios_rank	3.36665038133815e-05	0.000321630258191283	2.71698523318526e-05
ccajas_depositos	3.34245706674554e-05	0.000446884989987259	5.43397046637052e-05
ccajas_extracciones_delta1	3.21196612352168e-05	0.000330951316694074	9.5094483161484e-05
mtarjeta_master_descuentos_rank_delta1	3.17287652167983e-05	3.04695874037923e-05	5.43397046637052e-05
ccajeros_propios_descuentos	3.07726253748148e-05	0.000114996754379347	4.07547784977789e-05
cplazo_fijo_delta1	3.07306347690657e-05	0.000205566306485977	5.43397046637052e-05
mtarjeta_master_descuentos_rank	2.9899074630787e-05	0.000293263219605335	5.43397046637052e-05
cforex_sell_delta1	2.95993621119288e-05	0.000723366902573476	8.15095569955577e-05
cseguro_vida_delta1	2.55151878795464e-05	0.00177228833861891	0.000135849261659263
mforex_sell_rank_delta1	2.52882787641158e-05	0.000732161057276133	9.5094483161484e-05
mcheques_emitidos_rank_lag1	2.48469447787596e-05	0.000187244819128005	5.43397046637052e-05
cinversion1_lag1	2.3317748462876e-05	0.000511891022559892	5.43397046637052e-05
ctarjeta_master_debitos_automaticos_delta1	2.29683717837976e-05	0.000221224685969506	6.79246308296314e-05
ccajeros_propios_descuentos_lag1	2.21596635901878e-05	0.000307044142416407	4.07547784977789e-05
mforex_sell_rank	2.19062436372561e-05	0.000570564076765525	8.15095569955577e-05
mcaja_ahorro_adicional_rank_delta1	2.15451278969351e-05	0.000791648351557523	9.5094483161484e-05
ctarjeta_visa_descuentos_lag1	2.00690840909701e-05	8.73408187928937e-05	6.79246308296314e-05
ctarjeta_master_descuentos	1.86269817945391e-05	0.000266607170831912	4.07547784977789e-05
ctarjeta_visa_descuentos	1.84484605323432e-05	0.000107837955633289	6.79246308296314e-05
mcajeros_propios_descuentos_rank_lag1	1.7233553722932e-05	0.000204985481898603	4.07547784977789e-05
ctarjeta_visa_delta1	1.61904213679444e-05	0.000277443439644567	4.07547784977789e-05
mcajeros_propios_descuentos_rank_delta1	1.44966065204112e-05	0.00015290089650152	5.43397046637052e-05
Master_madelantopesos_rank_lag1	1.14409181681512e-05	5.18797587824705e-06	4.07547784977789e-05
cprestamos_prendarios_lag1	9.73516935487963e-06	0.000331663143462525	4.07547784977789e-05
cforex_sell	9.62360983762662e-06	3.31801021448686e-05	1.35849261659263e-05
ctarjeta_master_descuentos_delta1	9.48915553397256e-06	5.39012454772171e-05	2.71698523318526e-05
cprestamos_hipotecarios_lag1	8.80697203957831e-06	0.00035496814196861	2.71698523318526e-05
ccheques_depositados	5.73841885548355e-06	3.60151051464163e-05	1.35849261659263e-05
cforex	5.1653782044828e-06	2.11478051320453e-05	1.35849261659263e-05
Visa_delinquency_delta1	4.67856383651724e-06	5.61235780573172e-05	1.35849261659263e-05
cforex_buy_delta1	4.17642625211391e-06	0.000107273415847431	1.35849261659263e-05
ccheques_emitidos_delta1	3.83764230899009e-06	5.44281492773516e-05	1.35849261659263e-05
cforex_lag1	3.31647711068858e-06	3.51422397852045e-05	1.35849261659263e-05
Master_delinquency_lag1	3.30051063063003e-06	0.000188452427631472	4.07547784977789e-05
mcheques_emitidos_rank_delta1	3.098016055273e-06	2.87253042192812e-05	1.35849261659263e-05
ccajeros_propios_descuentos_delta1	2.87070629902922e-06	2.07808542712373e-05	1.35849261659263e-05
tcuentas_delta1	2.09450285727266e-06	6.31803253805467e-05	1.35849261659263e-05
Master_cadelantosefectivo_lag1	1.06049893961528e-06	1.56623602127882e-06	1.35849261659263e-05
ctarjeta_visa_lag1	1.69667880955303e-09	2.23195870721795e-05	4.07547784977789e-05
Visa_cadelantosefectivo	5.51163647881696e-10	1.13436308509718e-05	4.07547784977789e-05
Visa_cadelantosefectivo_delta1	3.94014060359251e-10	2.40309387691821e-05	1.35849261659263e-05
Master_cadelantosefectivo	4.57223613120532e-11	1.55755079380408e-06	1.35849261659263e-05
ctarjeta_master_lag1	4.29162497474274e-12	4.77481236958391e-05	2.71698523318526e-05
